48 0 0
390 0 0
99 0 0
1060 0 0
256 0 0
149 0 0
189 0 0
470 0 0
1424 0 0
198 0 0
101 0 0
391 0 0
267 0 0
1068 0 0
139 0 0
37 0 0
1258 0 0
173 0 0
1058 0 0
375 0 0
186 0 0
199 0 0
1032 0 0
1391 0 0
204 0 0
272 0 0
310 0 0
112 0 0
219 0 0
388 0 0
126 0 0
253 0 0
1400 0 0
262 0 0
220 0 0
319 0 0
1422 0 0
1260 74 0
1388 74 0
19 74 0
270 74 0
134 74 0
870 74 0
213 74 0
906 74 0
1711 74 0
1712 74 0
219 74 0
276 74 0
1390 74 0
21 74 0
585 74 0
366 74 0
198 74 0
172 74 0
1060 74 0
1665 74 0
470 74 0
940 74 0
938 74 0
1391 74 0
206 74 0
1069 74 0
316 74 0
1422 74 0
115 74 0
1424 74 0
123 74 0
158 74 0
129 74 0
186 74 0
586 74 0
235 74 0
245 74 0
37 74 0
200 74 0
386 74 0
1068 74 0
214 74 0
402 74 0
378 74 0
227 74 0
124 74 0
1028 74 0
119 74 0
177 74 0
112 74 0
369 74 0
1387 74 0
309 74 0
1394 74 0
318 74 0
173 74 0
120 74 0
166 74 0
226 74 0
150 74 0
377 74 0
1257 74 0
874 74 0
48 74 0
250 74 0
317 74 0
195 74 0
1395 74 0
1261 74 0
199 74 0
892 74 0
388 74 0
22 74 0
222 74 0
122 74 0
267 74 0
159 74 0
1030 74 0
390 74 0
139 74 0
375 74 0
390 123 0
388 123 0
21 123 0
1391 123 0
204 123 0
906 123 0
276 123 0
236 123 0
122 123 0
180 123 0
181 123 0
125 123 0
198 123 0
870 123 0
1260 123 0
386 123 0
186 123 0
1068 123 0
128 123 0
139 123 0
1055 123 0
37 123 0
29 123 0
121 123 0
134 123 0
220 123 0
1399 123 0
255 123 0
173 123 0
219 123 0
1425 123 0
1665 123 0
457 123 0
623 123 0
1058 123 0
873 123 0
1069 123 0
214 123 0
142 123 0
226 123 0
938 123 0
137 123 0
149 123 0
262 123 0
1060 123 0
120 123 0
48 123 0
307 123 0
1387 123 0
309 123 0
1394 123 0
318 123 0
49 123 0
1424 123 0
1029 123 0
192 123 0
115 123 0
129 123 0
940 123 0
389 123 0
101 123 0
172 123 0
97 123 0
822 123 0
1070 123 0
333 123 0
156 123 0
1261 123 0
1057 123 0
1416 123 0
310 123 0
200 123 0
132 123 0
891 123 0
168 123 0
159 123 0
127 123 0
391 123 0
306 123 0
874 123 0
387 123 0
268 123 0
144 123 0
112 123 0
185 123 0
375 123 0
368 123 0
308 123 0
252 123 0
330 123 0
301 123 0
206 123 0
150 123 0
1316 123 0
1054 124 0
204 124 0
309 124 0
1394 124 0
318 124 0
21 124 0
1090 124 0
1032 124 0
402 124 0
137 124 0
149 124 0
169 124 0
268 124 0
165 124 0
388 124 0
33 124 0
1711 124 0
255 124 0
205 124 0
1716 124 0
173 124 0
1257 124 0
1258 124 0
826 124 0
1174 124 0
128 124 0
1068 124 0
1029 124 0
1260 124 0
1058 124 0
1261 124 0
1057 124 0
1425 124 0
139 124 0
390 124 0
470 124 0
186 124 0
188 124 0
125 124 0
144 124 0
1055 124 0
906 124 0
457 124 0
37 124 0
869 124 0
134 124 0
113 124 0
219 124 0
199 124 0
19 124 0
270 124 0
182 124 0
366 124 0
197 124 0
378 124 0
107 124 0
1070 124 0
333 124 0
214 124 0
1060 124 0
1423 124 0
1420 124 0
385 124 0
220 124 0
150 124 0
126 124 0
262 124 0
367 124 0
1424 124 0
375 124 0
623 124 0
49 124 0
161 124 0
97 124 0
391 124 0
124 124 0
48 124 0
29 124 0
51 124 0
1069 124 0
120 124 0
267 124 0
874 124 0
127 124 0
229 124 0
579 124 0
172 124 0
101 124 0
140 124 0
123 124 0
158 124 0
1391 124 0
569 124 0
1334 124 0
112 124 0
317 124 0
206 124 0
253 124 0
1400 124 0
319 124 0
1673 124 0
120 77 0
35 77 0
1260 77 0
158 77 0
891 77 0
168 77 0
159 77 0
122 77 0
585 77 0
200 77 0
112 77 0
235 77 0
246 77 0
245 77 0
316 77 0
1664 77 0
227 77 0
1068 77 0
180 77 0
126 77 0
1058 77 0
1257 77 0
272 77 0
386 77 0
186 77 0
623 77 0
33 77 0
1055 77 0
1057 77 0
161 77 0
236 77 0
205 77 0
331 77 0
282 77 0
250 77 0
307 77 0
38 77 0
470 77 0
1056 77 0
134 77 0
219 77 0
37 77 0
29 77 0
269 77 0
317 77 0
192 77 0
177 77 0
869 77 0
1425 77 0
104 77 0
95 77 0
228 77 0
270 77 0
870 77 0
1476 77 0
1080 77 0
824 77 0
173 77 0
1090 77 0
823 77 0
1032 77 0
19 77 0
402 77 0
255 77 0
332 77 0
1060 77 0
139 77 0
101 77 0
267 77 0
199 77 0
191 77 0
140 77 0
124 77 0
166 77 0
385 77 0
881 77 0
1316 77 0
218 77 0
388 77 0
284 77 0
214 77 0
179 77 0
222 77 0
223 77 0
1477 77 0
49 77 0
277 77 0
1064 77 0
169 77 0
1081 77 0
188 77 0
1394 77 0
318 77 0
204 77 0
1259 77 0
97 77 0
391 77 0
1260 78 0
1054 78 0
245 78 0
200 78 0
37 78 0
29 78 0
33 78 0
1664 78 0
128 78 0
180 78 0
124 78 0
62 78 0
193 78 0
134 78 0
219 78 0
369 78 0
386 78 0
186 78 0
49 78 0
1060 78 0
35 78 0
1056 78 0
1057 78 0
1055 78 0
1261 78 0
1257 78 0
144 78 0
166 78 0
120 78 0
19 78 0
317 78 0
569 78 0
1391 78 0
203 78 0
51 78 0
869 78 0
228 78 0
95 78 0
104 78 0
96 78 0
105 78 0
333 78 0
1673 78 0
402 78 0
1387 78 0
309 78 0
1394 78 0
470 78 0
269 78 0
391 78 0
390 78 0
389 78 0
227 78 0
1068 78 0
140 78 0
1080 78 0
824 78 0
938 78 0
139 78 0
48 78 0
214 78 0
388 78 0
1716 78 0
122 78 0
181 78 0
127 78 0
229 78 0
579 78 0
172 78 0
779 78 0
185 78 0
112 78 0
870 78 0
195 78 0
118 78 0
191 78 0
318 78 0
177 78 0
327 78 0
301 78 0
1328 78 0
125 78 0
143 78 0
198 78 0
115 78 0
1420 78 0
150 78 0
192 78 0
1424 78 0
142 78 0
884 78 0
168 78 0
1064 78 0
268 78 0
1413 78 0
1316 78 0
187 78 0
169 78 0
378 78 0
823 78 0
366 78 0
1476 78 0
97 78 0
368 78 0
1402 78 0
161 78 0
823 52 0
305 52 0
243 52 0
304 52 0
306 52 0
1664 52 0
824 52 0
38 52 0
1055 52 0
37 52 0
1060 52 0
457 52 0
33 52 0
112 52 0
276 52 0
127 52 0
229 52 0
579 52 0
101 52 0
389 52 0
1711 52 0
1059 52 0
1064 52 0
385 52 0
199 52 0
870 52 0
214 52 0
185 52 0
318 52 0
1070 52 0
21 52 0
1257 52 0
1258 52 0
138 52 0
378 52 0
267 52 0
187 52 0
192 52 0
177 52 0
186 52 0
1068 52 0
390 52 0
143 52 0
1422 52 0
124 52 0
1056 52 0
137 52 0
150 52 0
116 52 0
161 52 0
19 52 0
317 52 0
1393 52 0
168 52 0
159 52 0
181 52 0
234 52 0
115 52 0
377 52 0
1424 52 0
139 52 0
1261 52 0
1032 52 0
222 52 0
224 52 0
126 52 0
180 52 0
188 52 0
1414 52 0
623 52 0
1665 52 0
822 52 0
121 52 0
134 52 0
219 52 0
1394 52 0
319 52 0
256 52 0
48 52 0
128 52 0
123 52 0
158 52 0
169 52 0
885 52 0
167 52 0
220 52 0
262 52 0
306 53 0
282 53 0
250 53 0
307 53 0
1664 53 0
1070 53 0
33 53 0
1060 53 0
402 53 0
386 53 0
186 53 0
128 53 0
390 53 0
98 53 0
219 53 0
127 53 0
142 53 0
200 53 0
156 53 0
233 53 0
1403 53 0
157 53 0
824 53 0
38 53 0
470 53 0
1055 53 0
218 53 0
124 53 0
122 53 0
167 53 0
1391 53 0
29 53 0
126 53 0
234 53 0
139 53 0
112 53 0
19 53 0
822 53 0
1056 53 0
1665 53 0
317 53 0
181 53 0
1424 53 0
198 53 0
1422 53 0
116 53 0
220 53 0
1399 53 0
255 53 0
206 53 0
204 53 0
1032 53 0
1174 53 0
101 53 0
1064 53 0
885 53 0
326 53 0
150 53 0
375 53 0
823 53 0
270 53 0
1258 53 0
1062 53 0
205 53 0
281 53 0
137 53 0
1418 53 0
169 53 0
165 96 0
386 96 0
186 96 0
906 96 0
457 96 0
1058 96 0
318 96 0
1674 96 0
1664 96 0
1070 96 0
276 96 0
236 96 0
1068 96 0
390 96 0
1057 96 0
1032 96 0
19 96 0
20 96 0
21 96 0
193 96 0
134 96 0
219 96 0
199 96 0
870 96 0
470 96 0
1055 96 0
35 96 0
1056 96 0
33 96 0
1711 96 0
388 96 0
122 96 0
181 96 0
124 96 0
30 96 0
1260 96 0
1174 96 0
1028 96 0
378 96 0
112 96 0
366 96 0
376 96 0
1257 96 0
391 96 0
139 96 0
1060 96 0
623 96 0
159 96 0
585 96 0
1394 96 0
402 96 0
220 96 0
22 96 0
1615 96 0
881 96 0
874 96 0
1391 96 0
29 96 0
173 96 0
270 96 0
118 96 0
127 96 0
229 96 0
579 96 0
316 96 0
588 96 0
377 96 0
126 96 0
278 96 0
1676 96 0
195 96 0
822 96 0
1414 96 0
326 96 0
37 96 0
166 96 0
1387 96 0
268 96 0
375 96 0
185 96 0
230 96 0
287 96 0
1316 96 0
190 96 0
1404 96 0
189 96 0
200 96 0
143 96 0
204 96 0
180 96 0
223 96 0
868 96 0
161 96 0
51 96 0
569 96 0
1389 96 0
48 96 0
245 96 0
905 96 0
1400 96 0
262 96 0
186 97 0
1068 97 0
139 97 0
390 97 0
1058 97 0
33 97 0
38 97 0
35 97 0
1260 97 0
318 97 0
1055 97 0
1711 97 0
1257 97 0
1056 97 0
134 97 0
276 97 0
1394 97 0
20 97 0
21 97 0
457 97 0
166 97 0
30 97 0
213 97 0
19 97 0
317 97 0
1395 97 0
1392 97 0
124 97 0
185 97 0
122 97 0
126 97 0
128 97 0
1174 97 0
165 97 0
1090 97 0
1029 97 0
1664 97 0
623 97 0
1060 97 0
112 97 0
219 97 0
37 97 0
264 97 0
22 97 0
1057 97 0
140 97 0
1420 97 0
192 97 0
386 97 0
1665 97 0
168 97 0
159 97 0
143 97 0
269 97 0
366 97 0
376 97 0
141 97 0
891 97 0
169 97 0
268 97 0
368 97 0
101 97 0
200 97 0
199 97 0
1259 97 0
49 97 0
144 97 0
191 97 0
190 97 0
1403 97 0
232 97 0
1387 97 0
308 97 0
250 97 0
307 97 0
905 97 0
177 97 0
270 97 0
120 97 0
223 97 0
137 97 0
388 97 0
389 97 0
97 97 0
391 97 0
870 97 0
1404 97 0
333 97 0
197 97 0
188 97 0
198 97 0
375 97 0
235 97 0
246 97 0
104 97 0
95 97 0
228 97 0
96 97 0
1424 97 0
116 97 0
309 97 0
150 97 0
385 97 0
161 97 0
822 97 0
1055 59 0
1257 59 0
33 59 0
1711 59 0
1664 59 0
193 59 0
134 59 0
402 59 0
165 59 0
386 59 0
1260 59 0
1056 59 0
1261 59 0
1060 59 0
21 59 0
1390 59 0
283 59 0
1388 59 0
207 59 0
214 59 0
307 59 0
37 59 0
587 59 0
276 59 0
182 59 0
1387 59 0
309 59 0
317 59 0
891 59 0
1316 59 0
217 59 0
143 59 0
197 59 0
169 59 0
1028 59 0
585 59 0
1665 59 0
1090 59 0
220 59 0
905 59 0
19 59 0
1168 59 0
219 59 0
1064 59 0
823 59 0
270 59 0
166 59 0
264 59 0
272 59 0
128 59 0
318 59 0
186 59 0
206 59 0
253 59 0
1400 59 0
262 59 0
368 59 0
150 59 0
235 59 0
1069 59 0
127 59 0
229 59 0
579 59 0
172 59 0
1068 59 0
139 59 0
390 59 0
389 59 0
181 59 0
123 59 0
97 59 0
366 59 0
142 59 0
125 59 0
375 59 0
200 59 0
120 59 0
1174 59 0
1664 60 0
161 60 0
386 60 0
134 60 0
219 60 0
128 60 0
1068 60 0
139 60 0
390 60 0
391 60 0
1260 60 0
200 60 0
37 60 0
33 60 0
1711 60 0
186 60 0
389 60 0
101 60 0
21 60 0
588 60 0
318 60 0
587 60 0
97 60 0
38 60 0
124 60 0
160 60 0
1028 60 0
19 60 0
824 60 0
869 60 0
225 60 0
177 60 0
191 60 0
1060 60 0
1056 60 0
182 60 0
585 60 0
366 60 0
217 60 0
375 60 0
112 60 0
220 60 0
1399 60 0
907 60 0
470 60 0
235 60 0
245 60 0
234 60 0
199 60 0
1673 60 0
1258 60 0
402 60 0
316 60 0
120 60 0
127 60 0
229 60 0
579 60 0
1168 60 0
1390 60 0
1387 60 0
173 60 0
1388 60 0
1328 60 0
132 60 0
179 60 0
1070 60 0
388 60 0
262 60 0
1257 60 0
317 60 0
1032 60 0
185 60 0
267 60 0
892 60 0
1316 60 0
874 60 0
150 60 0
48 60 0
873 60 0
189 60 0
881 60 0
137 60 0
250 60 0
310 137 0
1060 137 0
126 137 0
181 137 0
125 137 0
375 137 0
200 137 0
139 137 0
390 137 0
227 137 0
1068 137 0
1395 137 0
158 137 0
214 137 0
1260 137 0
389 137 0
1273 137 0
101 137 0
1391 137 0
204 137 0
1032 137 0
186 137 0
49 137 0
140 137 0
112 137 0
1424 137 0
1055 137 0
822 137 0
585 137 0
1416 137 0
19 137 0
182 137 0
114 137 0
870 137 0
134 137 0
220 137 0
1399 137 0
255 137 0
203 137 0
151 137 0
120 137 0
1069 137 0
48 137 0
205 137 0
331 137 0
281 137 0
586 137 0
188 137 0
1716 137 0
1482 137 0
219 137 0
368 137 0
207 137 0
1069 138 0
1060 138 0
129 138 0
623 138 0
195 138 0
1068 138 0
128 138 0
48 138 0
101 138 0
97 138 0
391 138 0
139 138 0
390 138 0
1390 138 0
1387 138 0
1394 138 0
316 138 0
585 138 0
200 138 0
470 138 0
186 138 0
170 138 0
892 138 0
1663 138 0
1664 138 0
203 138 0
330 138 0
206 138 0
253 138 0
1400 138 0
262 138 0
369 138 0
29 138 0
1391 138 0
308 138 0
282 138 0
250 138 0
281 138 0
304 138 0
1399 138 0
255 138 0
204 138 0
1389 138 0
378 138 0
220 138 0
235 138 0
246 138 0
940 138 0
140 138 0
118 138 0
232 138 0
244 138 0
181 138 0
123 138 0
158 138 0
49 138 0
287 138 0
1674 66 0
391 66 0
139 66 0
390 66 0
128 66 0
386 66 0
186 66 0
1174 66 0
270 66 0
193 66 0
219 66 0
1080 66 0
1068 66 0
140 66 0
180 66 0
126 66 0
1090 66 0
1711 66 0
173 66 0
19 66 0
220 66 0
1400 66 0
262 66 0
199 66 0
824 66 0
402 66 0
873 66 0
1317 66 0
21 66 0
1664 66 0
1476 66 0
1060 66 0
457 66 0
623 66 0
1058 66 0
33 66 0
1257 66 0
1387 66 0
309 66 0
1394 66 0
316 66 0
318 66 0
38 66 0
167 66 0
30 66 0
185 66 0
1028 66 0
1055 66 0
1399 66 0
255 66 0
205 66 0
331 66 0
62 66 0
35 66 0
1260 66 0
586 66 0
1057 66 0
869 66 0
1069 66 0
120 66 0
166 66 0
179 66 0
276 66 0
366 66 0
376 66 0
141 66 0
250 66 0
22 66 0
1056 66 0
470 66 0
369 66 0
235 66 0
137 66 0
891 66 0
112 66 0
142 66 0
123 66 0
158 66 0
268 66 0
388 66 0
236 66 0
127 66 0
49 66 0
1393 66 0
1395 66 0
1392 66 0
161 66 0
124 66 0
387 66 0
159 66 0
125 66 0
198 66 0
204 66 0
1422 66 0
144 66 0
940 66 0
1261 66 0
1030 66 0
200 66 0
286 66 0
122 66 0
385 66 0
28 66 0
206 66 0
253 66 0
368 66 0
181 66 0
95 66 0
228 66 0
96 66 0
105 66 0
299 66 0
246 66 0
104 66 0
1258 66 0
1674 67 0
1664 67 0
906 67 0
457 67 0
1058 67 0
128 67 0
124 67 0
1028 67 0
1029 67 0
824 67 0
38 67 0
470 67 0
1056 67 0
1261 67 0
623 67 0
33 67 0
1711 67 0
1055 67 0
1174 67 0
1068 67 0
185 67 0
310 67 0
21 67 0
1387 67 0
1394 67 0
402 67 0
378 67 0
369 67 0
236 67 0
182 67 0
267 67 0
891 67 0
168 67 0
159 67 0
122 67 0
585 67 0
157 67 0
107 67 0
19 67 0
318 67 0
213 67 0
35 67 0
1260 67 0
1257 67 0
905 67 0
582 67 0
37 67 0
219 67 0
199 67 0
1425 67 0
317 67 0
587 67 0
121 67 0
279 67 0
1676 67 0
277 67 0
282 67 0
200 67 0
1060 67 0
823 67 0
386 67 0
186 67 0
1069 67 0
51 67 0
569 67 0
235 67 0
246 67 0
104 67 0
139 67 0
390 67 0
1057 67 0
1476 67 0
126 67 0
181 67 0
123 67 0
158 67 0
169 67 0
1032 67 0
180 67 0
127 67 0
229 67 0
1081 67 0
140 67 0
388 67 0
391 67 0
101 67 0
97 67 0
204 67 0
1403 67 0
191 67 0
137 67 0
149 67 0
1422 67 0
940 67 0
192 67 0
869 67 0
98 67 0
886 67 0
888 67 0
889 67 0
1414 67 0
187 67 0
874 67 0
826 67 0
120 67 0
1262 67 0
1477 67 0
1259 67 0
48 67 0
283 67 0
1070 67 0
142 67 0
125 67 0
223 67 0
232 67 0
228 67 0
291 67 0
1389 67 0
1058 68 0
62 68 0
276 68 0
236 68 0
128 68 0
1068 68 0
185 68 0
387 68 0
1711 68 0
1674 68 0
1664 68 0
1032 68 0
1060 68 0
1070 68 0
310 68 0
30 68 0
35 68 0
38 68 0
470 68 0
1055 68 0
1056 68 0
901 68 0
1029 68 0
1081 68 0
1080 68 0
824 68 0
139 68 0
390 68 0
1476 68 0
1477 68 0
37 68 0
1057 68 0
587 68 0
48 68 0
1388 68 0
21 68 0
906 68 0
319 68 0
19 68 0
316 68 0
1260 68 0
226 68 0
184 68 0
225 68 0
1418 68 0
168 68 0
1615 68 0
165 68 0
1028 68 0
386 68 0
166 68 0
1174 68 0
402 68 0
905 68 0
180 68 0
268 68 0
823 68 0
270 68 0
219 68 0
199 68 0
1425 68 0
870 68 0
186 68 0
938 68 0
49 68 0
569 68 0
623 68 0
33 68 0
366 68 0
375 68 0
142 68 0
123 68 0
158 68 0
1716 68 0
51 68 0
935 68 0
103 68 0
869 68 0
1258 68 0
318 68 0
317 68 0
1394 68 0
309 68 0
1090 68 0
1393 68 0
1707 68 0
1416 68 0
588 68 0
1261 68 0
159 68 0
125 68 0
140 68 0
124 68 0
881 68 0
188 68 0
198 68 0
389 68 0
170 68 0
217 68 0
143 68 0
235 68 0
187 68 0
874 68 0
378 68 0
173 68 0
122 68 0
1665 68 0
1069 68 0
1387 68 0
385 68 0
1089 68 0
137 68 0
872 68 0
291 68 0
97 68 0
391 68 0
826 68 0
1424 68 0
33 109 0
1711 109 0
20 109 0
21 109 0
1062 109 0
906 109 0
1058 109 0
36 109 0
37 109 0
1394 109 0
318 109 0
270 109 0
134 109 0
1425 109 0
870 109 0
127 109 0
229 109 0
579 109 0
1168 109 0
1090 109 0
128 109 0
1068 109 0
390 109 0
181 109 0
123 109 0
158 109 0
168 109 0
267 109 0
169 109 0
892 109 0
1316 109 0
187 109 0
874 109 0
192 109 0
122 109 0
182 109 0
30 109 0
402 109 0
112 109 0
368 109 0
366 109 0
1422 109 0
135 109 0
1391 109 0
204 109 0
824 109 0
38 109 0
470 109 0
48 109 0
1389 109 0
1664 109 0
1257 109 0
1258 109 0
1060 109 0
623 109 0
35 109 0
1260 109 0
255 109 0
205 109 0
332 109 0
250 109 0
389 109 0
386 109 0
186 109 0
779 109 0
1080 109 0
1057 109 0
129 109 0
940 109 0
191 109 0
1418 109 0
873 109 0
188 109 0
375 109 0
1261 109 0
1056 109 0
185 109 0
272 109 0
203 109 0
302 109 0
328 109 0
938 109 0
126 109 0
1674 109 0
1402 109 0
1070 109 0
19 109 0
316 109 0
1032 109 0
867 109 0
226 109 0
200 109 0
195 109 0
269 109 0
101 109 0
391 109 0
139 109 0
159 109 0
180 109 0
189 109 0
1414 109 0
140 109 0
1069 109 0
172 109 0
97 109 0
150 109 0
173 109 0
133 109 0
1028 109 0
884 109 0
234 109 0
245 109 0
227 109 0
219 109 0
305 109 0
137 109 0
822 109 0
161 109 0
217 109 0
143 109 0
197 109 0
106 109 0
29 109 0
283 109 0
1393 109 0
308 109 0
251 109 0
281 109 0
1477 109 0
124 109 0
388 109 0
1665 109 0
199 109 0
306 109 0
1379 109 0
1415 109 0
307 109 0
569 109 0
194 109 0
1674 110 0
824 110 0
38 110 0
1056 110 0
20 110 0
21 110 0
378 110 0
1419 110 0
870 110 0
402 110 0
106 110 0
390 110 0
388 110 0
1032 110 0
165 110 0
386 110 0
186 110 0
19 110 0
823 110 0
270 110 0
193 110 0
134 110 0
166 110 0
33 110 0
1711 110 0
1664 110 0
905 110 0
369 110 0
128 110 0
124 110 0
160 110 0
1028 110 0
1070 110 0
118 110 0
189 110 0
1058 110 0
1057 110 0
1054 110 0
1030 110 0
1029 110 0
1055 110 0
35 110 0
1260 110 0
1068 110 0
101 110 0
140 110 0
139 110 0
156 110 0
185 110 0
470 110 0
37 110 0
1391 110 0
204 110 0
195 110 0
269 110 0
318 110 0
587 110 0
126 110 0
173 110 0
95 110 0
228 110 0
96 110 0
105 110 0
245 110 0
107 110 0
1174 110 0
391 110 0
177 110 0
32 110 0
1060 110 0
822 110 0
112 110 0
97 110 0
235 110 0
225 110 0
1257 110 0
1258 110 0
457 110 0
150 110 0
129 110 0
940 110 0
200 110 0
234 110 0
586 110 0
199 110 0
48 110 0
325 110 0
218 110 0
188 110 0
305 110 0
197 110 0
262 110 0
385 110 0
214 110 0
142 110 0
125 110 0
122 110 0
180 110 0
127 110 0
244 110 0
198 110 0
1422 110 0
907 110 0
1387 110 0
309 110 0
1394 110 0
1069 110 0
938 110 0
316 110 0
1389 110 0
49 110 0
272 110 0
256 110 0
868 110 0
219 110 0
206 110 0
255 110 0
253 110 0
1400 110 0
368 110 0
161 111 0
204 111 0
165 111 0
1029 111 0
1068 111 0
139 111 0
390 111 0
134 111 0
1419 111 0
870 111 0
869 111 0
191 111 0
188 111 0
198 111 0
1422 111 0
402 111 0
118 111 0
150 111 0
107 111 0
1664 111 0
20 111 0
21 111 0
1069 111 0
1387 111 0
1394 111 0
318 111 0
824 111 0
38 111 0
470 111 0
1055 111 0
35 111 0
1056 111 0
1674 111 0
457 111 0
623 111 0
1058 111 0
30 111 0
1260 111 0
1677 111 0
386 111 0
186 111 0
124 111 0
1028 111 0
37 111 0
33 111 0
1711 111 0
1070 111 0
268 111 0
267 111 0
168 111 0
159 111 0
940 111 0
129 111 0
1261 111 0
367 111 0
200 111 0
157 111 0
236 111 0
128 111 0
388 111 0
1257 111 0
233 111 0
137 111 0
391 111 0
48 111 0
19 111 0
270 111 0
193 111 0
891 111 0
169 111 0
234 111 0
586 111 0
235 111 0
36 111 0
1057 111 0
173 111 0
185 111 0
225 111 0
868 111 0
166 111 0
403 111 0
1258 111 0
196 111 0
375 111 0
199 111 0
822 111 0
1062 111 0
907 111 0
1060 111 0
1391 111 0
206 111 0
253 111 0
378 111 0
244 111 0
300 111 0
241 111 0
279 111 0
277 111 0
170 111 0
187 111 0
874 111 0
151 111 0
127 111 0
228 111 0
29 111 0
180 111 0
112 111 0
220 111 0
1399 111 0
1090 111 0
317 111 0
316 111 0
308 111 0
252 111 0
330 111 0
301 111 0
255 111 0
1032 111 0
133 111 0
122 111 0
1064 111 0
368 111 0
126 111 0
181 111 0
123 111 0
38 95 0
470 95 0
1055 95 0
33 95 0
1711 95 0
457 95 0
193 95 0
906 95 0
1257 95 0
1068 95 0
226 95 0
183 95 0
823 95 0
270 95 0
219 95 0
128 95 0
186 95 0
124 95 0
268 95 0
165 95 0
333 95 0
19 95 0
402 95 0
1028 95 0
1664 95 0
20 95 0
21 95 0
623 95 0
1058 95 0
35 95 0
1054 95 0
1174 95 0
585 95 0
200 95 0
30 95 0
1260 95 0
388 95 0
907 95 0
1060 95 0
126 95 0
310 95 0
1665 95 0
185 95 0
386 95 0
36 95 0
37 95 0
366 95 0
122 95 0
181 95 0
120 95 0
177 95 0
190 95 0
1403 95 0
318 95 0
309 95 0
159 95 0
123 95 0
192 95 0
1057 95 0
112 95 0
220 95 0
305 95 0
191 95 0
1258 95 0
139 95 0
127 95 0
229 95 0
579 95 0
1168 95 0
172 95 0
1707 95 0
129 95 0
588 95 0
317 95 0
1394 95 0
1419 95 0
125 95 0
141 95 0
1387 95 0
1032 95 0
375 95 0
1716 95 0
142 95 0
385 95 0
1476 95 0
29 95 0
199 95 0
391 95 0
389 95 0
101 95 0
140 95 0
180 95 0
901 95 0
137 95 0
1420 95 0
197 95 0
188 95 0
198 95 0
1422 95 0
826 95 0
874 95 0
218 95 0
187 95 0
1391 95 0
203 95 0
302 95 0
937 95 0
327 95 0
301 95 0
204 95 0
223 95 0
161 95 0
377 95 0
115 95 0
1424 95 0
235 95 0
246 95 0
245 95 0
938 95 0
206 95 0
255 95 0
253 95 0
1400 95 0
276 70 0
116 70 0
891 70 0
187 70 0
168 70 0
159 70 0
122 70 0
369 70 0
191 70 0
112 70 0
287 70 0
310 70 0
19 70 0
823 70 0
193 70 0
134 70 0
1664 70 0
1058 70 0
1257 70 0
1260 70 0
583 70 0
824 70 0
38 70 0
1258 70 0
470 70 0
1055 70 0
1711 70 0
1057 70 0
585 70 0
219 70 0
1674 70 0
269 70 0
305 70 0
243 70 0
306 70 0
33 70 0
1060 70 0
317 70 0
118 70 0
150 70 0
165 70 0
1029 70 0
390 70 0
128 70 0
124 70 0
1028 70 0
386 70 0
282 70 0
250 70 0
309 70 0
1394 70 0
255 70 0
204 70 0
1174 70 0
166 70 0
21 70 0
1068 70 0
139 70 0
388 70 0
186 70 0
391 70 0
120 70 0
220 70 0
262 70 0
1387 70 0
1393 70 0
318 70 0
905 70 0
1663 70 0
1336 70 0
236 70 0
127 70 0
229 70 0
579 70 0
1168 70 0
172 70 0
101 70 0
1424 70 0
870 70 0
37 70 0
1399 70 0
301 70 0
205 70 0
332 70 0
1665 70 0
1716 70 0
333 70 0
214 70 0
901 70 0
158 70 0
169 70 0
268 70 0
1070 70 0
135 70 0
151 70 0
1389 70 0
48 70 0
272 70 0
199 70 0
198 70 0
180 70 0
217 70 0
143 70 0
375 70 0
200 70 0
1081 70 0
156 70 0
233 70 0
1402 70 0
873 70 0
189 70 0
181 70 0
1032 70 0
185 70 0
207 70 0
137 70 0
316 70 0
1069 70 0
1395 70 0
1392 70 0
107 71 0
874 71 0
1260 71 0
19 71 0
823 71 0
270 71 0
193 71 0
219 71 0
137 71 0
369 71 0
586 71 0
235 71 0
246 71 0
104 71 0
95 71 0
230 71 0
229 71 0
579 71 0
375 71 0
1070 71 0
333 71 0
1394 71 0
318 71 0
120 71 0
166 71 0
402 71 0
1424 71 0
367 71 0
1477 71 0
306 71 0
282 71 0
250 71 0
1057 71 0
307 71 0
190 71 0
386 71 0
186 71 0
1174 71 0
182 71 0
132 71 0
128 71 0
1068 71 0
256 71 0
389 71 0
112 71 0
33 71 0
1711 71 0
1674 71 0
1664 71 0
165 71 0
1056 71 0
29 71 0
122 71 0
180 71 0
139 71 0
470 71 0
1317 71 0
892 71 0
218 71 0
187 71 0
391 71 0
390 71 0
268 71 0
1032 71 0
881 71 0
150 71 0
188 71 0
197 71 0
891 71 0
169 71 0
1716 71 0
1482 71 0
905 71 0
1060 71 0
1069 71 0
1387 71 0
907 71 0
1665 71 0
48 71 0
1391 71 0
204 71 0
206 71 0
253 71 0
1400 71 0
262 71 0
214 71 0
385 71 0
317 71 0
129 71 0
940 71 0
331 71 0
127 71 0
1257 71 0
387 71 0
287 71 0
185 71 0
1029 71 0
316 71 0
938 71 0
269 71 0
156 71 0
233 71 0
1402 71 0
181 71 0
123 71 0
158 71 0
886 71 0
889 71 0
124 71 0
159 71 0
199 71 0
1032 16 0
1068 16 0
139 16 0
35 16 0
1665 16 0
97 16 0
391 16 0
1060 16 0
1391 16 0
48 16 0
935 16 0
569 16 0
199 17 0
938 17 0
107 17 0
1711 17 0
1068 17 0
227 17 0
234 17 0
585 17 0
38 17 0
1069 17 0
166 17 0
1060 29 0
157 29 0
121 29 0
219 29 0
1068 29 0
875 29 0
1070 29 0
317 29 0
1055 69 0
1032 69 0
35 69 0
1260 69 0
901 69 0
1664 69 0
287 69 0
33 69 0
1711 69 0
1674 69 0
881 69 0
1317 69 0
390 69 0
161 69 0
272 69 0
21 69 0
905 69 0
1058 69 0
824 69 0
38 69 0
37 69 0
1060 69 0
1257 69 0
470 69 0
134 69 0
219 69 0
1425 69 0
1424 69 0
188 69 0
1388 69 0
386 69 0
186 69 0
1174 69 0
199 69 0
1422 69 0
403 69 0
1080 69 0
1056 69 0
107 69 0
779 69 0
1707 69 0
1476 69 0
1477 69 0
826 69 0
1258 69 0
391 69 0
139 69 0
112 69 0
220 69 0
1399 69 0
254 69 0
305 69 0
306 69 0
255 69 0
128 69 0
126 69 0
181 69 0
122 69 0
180 69 0
160 69 0
1028 69 0
165 69 0
236 69 0
182 69 0
1068 69 0
1615 69 0
19 69 0
823 69 0
276 69 0
119 69 0
106 69 0
212 69 0
1057 69 0
317 69 0
200 69 0
1090 69 0
1394 69 0
316 69 0
318 69 0
270 69 0
385 69 0
120 69 0
278 69 0
1663 69 0
62 69 0
1029 69 0
389 69 0
101 69 0
198 69 0
123 69 0
235 69 0
105 69 0
245 69 0
234 69 0
1261 69 0
206 69 0
264 69 0
1273 69 0
333 69 0
173 69 0
1413 69 0
217 69 0
1387 69 0
307 69 0
127 69 0
229 69 0
140 69 0
375 69 0
97 69 0
309 69 0
271 69 0
243 69 0
304 69 0
388 69 0
158 69 0
125 69 0
19 75 0
318 75 0
21 75 0
906 75 0
1058 75 0
938 75 0
134 75 0
112 75 0
276 75 0
1174 75 0
128 75 0
1068 75 0
1664 75 0
1060 75 0
317 75 0
1055 75 0
37 75 0
219 75 0
1712 75 0
386 75 0
186 75 0
199 75 0
127 75 0
229 75 0
579 75 0
1168 75 0
1390 75 0
623 75 0
385 75 0
873 75 0
189 75 0
1317 75 0
169 75 0
268 75 0
35 75 0
1260 75 0
139 75 0
1394 75 0
172 75 0
101 75 0
389 75 0
97 75 0
391 75 0
124 75 0
387 75 0
51 75 0
569 75 0
586 75 0
235 75 0
245 75 0
206 75 0
255 75 0
253 75 0
1400 75 0
262 75 0
824 75 0
38 75 0
470 75 0
1056 75 0
33 75 0
1261 75 0
192 75 0
220 75 0
1399 75 0
204 75 0
1032 75 0
1028 75 0
267 75 0
168 75 0
1029 75 0
129 75 0
940 75 0
1070 75 0
388 75 0
1033 75 0
277 75 0
884 75 0
159 75 0
122 75 0
180 75 0
907 75 0
200 75 0
822 75 0
1257 75 0
1258 75 0
1069 75 0
250 75 0
307 75 0
874 75 0
279 75 0
191 75 0
137 75 0
48 75 0
184 75 0
1426 75 0
225 75 0
178 75 0
185 75 0
166 75 0
132 75 0
869 75 0
134 76 0
199 76 0
870 76 0
1069 76 0
214 76 0
181 76 0
123 76 0
158 76 0
868 76 0
202 76 0
183 76 0
184 76 0
177 76 0
906 76 0
623 76 0
1058 76 0
1068 76 0
139 76 0
390 76 0
167 76 0
1664 76 0
386 76 0
186 76 0
118 76 0
378 76 0
276 76 0
369 76 0
204 76 0
1391 76 0
205 76 0
779 76 0
1080 76 0
824 76 0
38 76 0
268 76 0
389 76 0
37 76 0
470 76 0
1055 76 0
1174 76 0
106 76 0
35 76 0
1260 76 0
1054 76 0
112 76 0
126 76 0
245 76 0
234 76 0
1056 76 0
1081 76 0
318 76 0
33 76 0
250 76 0
309 76 0
1394 76 0
317 76 0
19 76 0
823 76 0
270 76 0
49 76 0
319 76 0
168 76 0
159 76 0
822 76 0
235 76 0
246 76 0
103 76 0
328 76 0
938 76 0
1426 76 0
219 76 0
1257 76 0
29 76 0
1060 76 0
137 76 0
220 76 0
1399 76 0
255 76 0
101 76 0
128 76 0
1389 76 0
127 76 0
228 76 0
207 76 0
97 76 0
227 76 0
140 76 0
368 76 0
166 76 0
132 76 0
869 76 0
331 76 0
306 76 0
282 76 0
307 76 0
1057 76 0
48 76 0
200 76 0
173 76 0
1070 76 0
218 76 0
1476 76 0
120 76 0
873 76 0
188 76 0
1262 76 0
1261 76 0
1707 76 0
178 76 0
192 76 0
586 76 0
185 76 0
1477 76 0
1258 76 0
388 76 0
150 76 0
1032 92 0
1031 92 0
165 92 0
272 92 0
20 92 0
48 92 0
1391 92 0
204 92 0
30 92 0
236 92 0
122 92 0
181 92 0
126 92 0
200 92 0
128 92 0
21 92 0
906 92 0
457 92 0
1058 92 0
62 92 0
35 92 0
1055 92 0
1056 92 0
1057 92 0
1028 92 0
38 92 0
470 92 0
1261 92 0
1664 92 0
1060 92 0
206 92 0
253 92 0
1400 92 0
262 92 0
583 92 0
378 92 0
1260 92 0
142 92 0
124 92 0
186 92 0
1174 92 0
385 92 0
199 92 0
1425 92 0
870 92 0
1387 92 0
309 92 0
250 92 0
1394 92 0
318 92 0
19 92 0
1665 92 0
1069 92 0
129 92 0
134 92 0
219 92 0
623 92 0
1070 92 0
1257 92 0
1258 92 0
101 92 0
391 92 0
139 92 0
390 92 0
1068 92 0
140 92 0
386 92 0
277 92 0
884 92 0
268 92 0
1273 92 0
1080 92 0
824 92 0
33 92 0
1711 92 0
389 92 0
387 92 0
220 92 0
1399 92 0
255 92 0
1674 92 0
185 92 0
37 92 0
98 92 0
207 92 0
569 92 0
214 92 0
1482 92 0
402 92 0
119 92 0
1081 92 0
227 92 0
36 92 0
1413 92 0
881 92 0
1316 92 0
218 92 0
187 92 0
192 92 0
869 92 0
127 92 0
229 92 0
580 92 0
579 92 0
1168 92 0
172 92 0
388 92 0
905 92 0
317 92 0
333 92 0
150 92 0
137 92 0
823 92 0
822 92 0
868 92 0
166 92 0
226 92 0
183 92 0
188 92 0
177 92 0
112 92 0
120 92 0
938 92 0
49 92 0
1030 92 0
1707 92 0
1424 92 0
196 92 0
375 92 0
235 92 0
245 92 0
907 92 0
901 92 0
1090 92 0
123 92 0
228 92 0
96 92 0
105 92 0
234 92 0
205 92 0
331 92 0
869 115 0
191 115 0
891 115 0
906 115 0
457 115 0
623 115 0
1058 115 0
62 115 0
195 115 0
269 115 0
33 115 0
1711 115 0
186 115 0
1068 115 0
128 115 0
139 115 0
390 115 0
389 115 0
173 115 0
1424 115 0
196 115 0
375 115 0
127 115 0
579 115 0
172 115 0
101 115 0
97 115 0
124 115 0
160 115 0
137 115 0
37 115 0
1070 115 0
32 115 0
30 115 0
35 115 0
1055 115 0
1260 115 0
1054 115 0
316 115 0
824 115 0
470 115 0
193 115 0
134 115 0
1057 115 0
49 115 0
19 115 0
270 115 0
368 115 0
219 115 0
385 115 0
1394 115 0
318 115 0
126 115 0
180 115 0
1032 115 0
166 115 0
132 115 0
226 115 0
151 115 0
1261 115 0
402 115 0
870 115 0
940 115 0
1328 115 0
1391 115 0
36 115 0
179 115 0
221 115 0
98 115 0
181 115 0
158 115 0
388 115 0
185 115 0
125 115 0
142 115 0
198 115 0
1422 115 0
1257 115 0
1060 115 0
387 115 0
1387 115 0
330 115 0
203 115 0
302 115 0
329 115 0
935 115 0
569 115 0
1273 115 0
1663 115 0
1716 115 0
1673 115 0
267 115 0
170 115 0
892 115 0
218 115 0
826 115 0
1258 115 0
199 115 0
48 115 0
366 115 0
1259 115 0
1090 115 0
822 115 0
1069 115 0
891 116 0
169 116 0
268 116 0
269 116 0
317 116 0
129 116 0
940 116 0
34 116 0
62 116 0
30 116 0
36 116 0
37 116 0
35 116 0
1056 116 0
1057 116 0
19 116 0
270 116 0
193 116 0
134 116 0
219 116 0
457 116 0
1058 116 0
623 116 0
1260 116 0
126 116 0
181 116 0
123 116 0
158 116 0
107 116 0
32 116 0
33 116 0
1711 116 0
367 116 0
822 116 0
166 116 0
191 116 0
318 116 0
139 116 0
390 116 0
112 116 0
1060 116 0
1055 116 0
1328 116 0
38 116 0
29 116 0
128 116 0
1068 116 0
1069 116 0
1387 116 0
1394 116 0
149 116 0
188 116 0
282 116 0
251 116 0
280 116 0
330 116 0
204 116 0
48 116 0
272 116 0
470 116 0
1257 116 0
1258 116 0
256 116 0
150 116 0
1090 116 0
186 116 0
1174 116 0
161 116 0
127 116 0
228 116 0
1380 116 0
212 116 0
1261 116 0
199 116 0
137 116 0
569 116 0
51 116 0
570 116 0
96 116 0
105 116 0
245 116 0
124 116 0
185 116 0
122 116 0
200 116 0
884 116 0
267 116 0
168 116 0
159 116 0
368 116 0
173 116 0
1712 116 0
144 116 0
391 116 0
1070 116 0
308 116 0
206 116 0
49 116 0
283 116 0
151 116 0
310 116 0
588 116 0
204 112 0
1057 112 0
107 112 0
30 112 0
37 112 0
390 112 0
870 112 0
402 112 0
112 112 0
219 112 0
1174 112 0
457 112 0
623 112 0
1058 112 0
33 112 0
1054 112 0
21 112 0
824 112 0
38 112 0
470 112 0
1055 112 0
1056 112 0
1711 112 0
1664 112 0
1028 112 0
165 112 0
1029 112 0
49 112 0
35 112 0
1260 112 0
1068 112 0
139 112 0
114 112 0
386 112 0
186 112 0
1716 112 0
1482 112 0
272 112 0
256 112 0
1391 112 0
182 112 0
585 112 0
200 112 0
128 112 0
134 112 0
127 112 0
229 112 0
173 112 0
235 112 0
245 112 0
177 112 0
192 112 0
191 112 0
1070 112 0
1394 112 0
317 112 0
1328 112 0
1259 112 0
385 112 0
199 112 0
1032 112 0
206 112 0
940 112 0
310 112 0
1257 112 0
1258 112 0
220 112 0
129 112 0
389 112 0
48 112 0
366 112 0
197 112 0
586 112 0
137 112 0
891 112 0
168 112 0
159 112 0
122 112 0
253 112 0
1400 112 0
262 112 0
1389 112 0
905 112 0
579 112 0
1168 112 0
172 112 0
101 112 0
1261 112 0
19 112 0
270 112 0
1399 112 0
255 112 0
205 112 0
331 112 0
282 112 0
250 112 0
309 112 0
1395 112 0
368 112 0
181 112 0
267 112 0
180 112 0
822 112 0
326 112 0
212 112 0
319 112 0
375 112 0
1064 112 0
1090 112 0
318 112 0
1057 113 0
30 113 0
35 113 0
1260 113 0
1054 113 0
906 113 0
457 113 0
1058 113 0
37 113 0
318 113 0
219 113 0
29 113 0
1711 113 0
1674 113 0
1174 113 0
182 113 0
824 113 0
1056 113 0
38 113 0
938 113 0
173 113 0
470 113 0
402 113 0
118 113 0
378 113 0
128 113 0
1391 113 0
204 113 0
206 113 0
165 113 0
386 113 0
186 113 0
1664 113 0
1068 113 0
124 113 0
1028 113 0
134 113 0
230 113 0
126 113 0
907 113 0
19 113 0
1090 113 0
1070 113 0
333 113 0
234 113 0
246 113 0
104 113 0
569 113 0
51 113 0
571 113 0
579 113 0
390 113 0
388 113 0
98 113 0
1482 113 0
267 113 0
229 113 0
1168 113 0
1261 113 0
1259 113 0
822 113 0
21 113 0
262 113 0
368 113 0
1032 113 0
139 113 0
1394 113 0
200 113 0
166 113 0
869 113 0
172 113 0
101 113 0
253 113 0
1400 113 0
385 113 0
389 113 0
1399 113 0
255 113 0
823 113 0
269 113 0
144 113 0
169 113 0
268 113 0
391 113 0
305 113 0
120 113 0
287 113 0
237 113 0
1273 113 0
254 113 0
180 113 0
168 113 0
199 113 0
1257 113 0
159 113 0
122 113 0
127 113 0
366 113 0
125 113 0
141 113 0
1317 113 0
891 113 0
170 113 0
1316 113 0
874 113 0
150 113 0
106 113 0
143 113 0
1395 113 0
1392 113 0
97 113 0
122 54 0
181 54 0
124 54 0
185 54 0
1090 54 0
1387 54 0
150 54 0
192 54 0
177 54 0
112 54 0
1257 54 0
1055 54 0
1664 54 0
1080 54 0
824 54 0
38 54 0
1056 54 0
35 54 0
1068 54 0
140 54 0
128 54 0
1391 54 0
204 54 0
29 54 0
905 54 0
402 54 0
377 54 0
142 54 0
220 54 0
262 54 0
219 54 0
1259 54 0
49 54 0
470 54 0
1031 54 0
386 54 0
186 54 0
390 54 0
149 54 0
203 54 0
302 54 0
329 54 0
935 54 0
103 54 0
51 54 0
569 54 0
291 54 0
938 54 0
1261 54 0
250 54 0
1394 54 0
587 54 0
822 54 0
19 54 0
193 54 0
97 54 0
391 54 0
139 54 0
21 54 0
229 54 0
1060 54 0
1064 54 0
129 54 0
940 54 0
907 54 0
166 54 0
188 54 0
120 54 0
1258 54 0
1081 54 0
1403 54 0
232 54 0
185 55 0
159 55 0
122 55 0
167 55 0
37 55 0
33 55 0
236 55 0
1068 55 0
139 55 0
390 55 0
1055 55 0
1387 55 0
1394 55 0
316 55 0
318 55 0
1388 55 0
587 55 0
21 55 0
1058 55 0
1260 55 0
204 55 0
1391 55 0
48 55 0
219 55 0
186 55 0
308 55 0
252 55 0
330 55 0
301 55 0
1080 55 0
824 55 0
38 55 0
1261 55 0
49 55 0
388 55 0
569 55 0
112 55 0
220 55 0
262 55 0
291 55 0
19 55 0
206 55 0
253 55 0
1400 55 0
263 55 0
1664 55 0
1060 55 0
579 55 0
1169 55 0
229 55 0
1168 55 0
580 55 0
227 55 0
402 55 0
124 55 0
125 55 0
366 55 0
375 55 0
368 55 0
200 55 0
160 55 0
1028 55 0
378 55 0
166 55 0
137 55 0
588 55 0
1395 55 0
317 55 0
907 55 0
901 55 0
1257 55 0
470 55 0
115 55 0
149 55 0
169 55 0
120 55 0
198 55 0
586 55 0
1032 55 0
96 55 0
105 55 0
1056 55 0
1258 55 0
29 55 0
181 55 0
158 55 0
1316 55 0
218 55 0
232 55 0
391 55 0
101 55 0
1664 56 0
160 56 0
386 56 0
824 56 0
38 56 0
470 56 0
1056 56 0
1261 56 0
219 56 0
235 56 0
245 56 0
234 56 0
1054 56 0
126 56 0
33 56 0
250 56 0
307 56 0
587 56 0
20 56 0
21 56 0
204 56 0
49 56 0
1058 56 0
220 56 0
262 56 0
1388 56 0
151 56 0
207 56 0
823 56 0
269 56 0
305 56 0
243 56 0
304 56 0
253 56 0
1400 56 0
112 56 0
137 56 0
263 56 0
242 56 0
300 56 0
299 56 0
246 56 0
104 56 0
1032 56 0
1070 56 0
1259 56 0
227 56 0
140 56 0
228 56 0
96 56 0
105 56 0
103 56 0
569 56 0
51 56 0
186 56 0
1068 56 0
390 56 0
125 56 0
198 56 0
37 56 0
1060 56 0
1395 56 0
1392 56 0
1394 56 0
318 56 0
1260 56 0
128 56 0
200 56 0
1062 56 0
389 56 0
101 56 0
391 56 0
139 56 0
1258 56 0
19 56 0
1424 56 0
29 56 0
181 56 0
123 56 0
158 56 0
388 56 0
822 56 0
1399 56 0
251 56 0
317 56 0
132 56 0
588 56 0
369 56 0
891 56 0
885 56 0
1032 65 0
165 65 0
386 65 0
824 65 0
38 65 0
470 65 0
1055 65 0
33 65 0
1711 65 0
1674 65 0
1257 65 0
826 65 0
1394 65 0
316 65 0
318 65 0
19 65 0
823 65 0
1054 65 0
120 65 0
166 65 0
132 65 0
869 65 0
186 65 0
1068 65 0
270 65 0
30 65 0
37 65 0
1070 65 0
112 65 0
220 65 0
263 65 0
1664 65 0
241 65 0
1391 65 0
1260 65 0
20 65 0
139 65 0
390 65 0
1262 65 0
1476 65 0
1174 65 0
181 65 0
198 65 0
1424 65 0
870 65 0
1328 65 0
157 65 0
402 65 0
583 65 0
21 65 0
906 65 0
207 65 0
214 65 0
1069 65 0
1060 65 0
276 65 0
127 65 0
229 65 0
579 65 0
1168 65 0
172 65 0
99 65 0
1056 65 0
1057 65 0
1387 65 0
309 65 0
317 65 0
283 65 0
308 65 0
307 65 0
1258 65 0
219 65 0
1259 65 0
1261 65 0
117 65 0
190 65 0
1403 65 0
232 65 0
268 65 0
267 65 0
170 65 0
385 65 0
1399 65 0
255 65 0
206 65 0
185 65 0
122 65 0
200 65 0
235 65 0
204 65 0
105 65 0
234 65 0
180 65 0
124 65 0
158 65 0
169 65 0
569 65 0
1422 65 0
304 65 0
306 65 0
281 65 0
282 65 0
250 65 0
48 65 0
195 65 0
269 65 0
305 65 0
286 65 0
1336 65 0
1090 65 0
1418 65 0
168 65 0
159 65 0
368 65 0
246 65 0
104 65 0
95 65 0
569 64 0
1387 64 0
309 64 0
128 64 0
1174 64 0
367 64 0
30 64 0
1260 64 0
165 64 0
1059 64 0
1664 64 0
824 64 0
38 64 0
470 64 0
1055 64 0
37 64 0
219 64 0
906 64 0
20 64 0
1030 64 0
120 64 0
276 64 0
236 64 0
180 64 0
1068 64 0
826 64 0
1258 64 0
386 64 0
186 64 0
874 64 0
150 64 0
1419 64 0
378 64 0
33 64 0
1674 64 0
1336 64 0
1060 64 0
207 64 0
938 64 0
587 64 0
21 64 0
375 64 0
166 64 0
132 64 0
822 64 0
1028 64 0
268 64 0
1062 64 0
228 64 0
96 64 0
105 64 0
245 64 0
369 64 0
234 64 0
585 64 0
823 64 0
270 64 0
140 64 0
905 64 0
1665 64 0
19 64 0
115 64 0
1424 64 0
318 64 0
220 64 0
1399 64 0
255 64 0
254 64 0
304 64 0
1056 64 0
235 64 0
892 64 0
1316 64 0
116 64 0
139 64 0
390 64 0
99 64 0
48 64 0
198 64 0
142 64 0
158 64 0
22 64 0
940 64 0
129 64 0
168 64 0
159 64 0
122 64 0
161 64 0
906 86 0
457 86 0
1058 86 0
623 86 0
1057 86 0
165 86 0
1029 86 0
779 86 0
824 86 0
38 86 0
470 86 0
1055 86 0
35 86 0
173 86 0
218 86 0
378 86 0
386 86 0
186 86 0
1068 86 0
140 86 0
188 86 0
198 86 0
870 86 0
318 86 0
20 86 0
22 86 0
134 86 0
219 86 0
1260 86 0
21 86 0
1664 86 0
235 86 0
245 86 0
105 86 0
585 86 0
1030 86 0
1032 86 0
402 86 0
118 86 0
212 86 0
117 86 0
881 86 0
33 86 0
1711 86 0
1674 86 0
181 86 0
123 86 0
158 86 0
107 86 0
310 86 0
1056 86 0
150 86 0
39 86 0
196 86 0
122 86 0
180 86 0
19 86 0
127 86 0
229 86 0
579 86 0
1168 86 0
172 86 0
1663 86 0
317 86 0
390 86 0
823 86 0
269 86 0
236 86 0
1060 86 0
1261 86 0
124 86 0
128 86 0
264 86 0
272 86 0
182 86 0
905 86 0
389 86 0
214 86 0
112 86 0
226 86 0
183 86 0
867 86 0
268 86 0
139 86 0
1081 86 0
277 86 0
267 86 0
168 86 0
159 86 0
129 86 0
940 86 0
191 86 0
137 86 0
1380 86 0
1665 86 0
220 86 0
1399 86 0
255 86 0
206 86 0
253 86 0
1400 86 0
262 86 0
1422 86 0
116 86 0
1394 86 0
1387 86 0
309 86 0
200 86 0
907 86 0
270 86 0
1090 86 0
569 86 0
1257 86 0
1707 86 0
1476 86 0
1477 86 0
204 86 0
99 86 0
1273 86 0
199 86 0
388 86 0
97 86 0
1673 86 0
190 86 0
1403 86 0
232 86 0
133 86 0
195 86 0
1418 86 0
391 86 0
227 86 0
134 87 0
236 87 0
1057 87 0
1054 87 0
30 87 0
1257 87 0
470 87 0
1055 87 0
37 87 0
33 87 0
107 87 0
1674 87 0
1664 87 0
1068 87 0
139 87 0
390 87 0
388 87 0
779 87 0
1080 87 0
1477 87 0
824 87 0
38 87 0
1056 87 0
870 87 0
35 87 0
165 87 0
1029 87 0
1677 87 0
1031 87 0
277 87 0
884 87 0
186 87 0
115 87 0
375 87 0
235 87 0
246 87 0
104 87 0
95 87 0
229 87 0
579 87 0
906 87 0
457 87 0
1058 87 0
1260 87 0
177 87 0
190 87 0
1403 87 0
173 87 0
129 87 0
219 87 0
133 87 0
156 87 0
150 87 0
192 87 0
226 87 0
1665 87 0
1174 87 0
585 87 0
1426 87 0
180 87 0
101 87 0
21 87 0
184 87 0
191 87 0
112 87 0
623 87 0
868 87 0
316 87 0
318 87 0
1389 87 0
49 87 0
402 87 0
1476 87 0
1261 87 0
1262 87 0
1712 87 0
1060 87 0
391 87 0
1070 87 0
185 87 0
122 87 0
823 87 0
159 87 0
124 87 0
1062 87 0
48 87 0
19 87 0
1394 87 0
1069 87 0
120 87 0
166 87 0
126 87 0
137 87 0
149 87 0
905 87 0
1380 87 0
140 87 0
255 87 0
203 87 0
938 87 0
1387 87 0
187 87 0
874 87 0
387 87 0
160 87 0
386 87 0
1090 87 0
270 87 0
822 87 0
1030 87 0
204 87 0
1028 87 0
127 87 0
940 87 0
1334 72 0
1273 72 0
101 72 0
97 72 0
128 72 0
124 72 0
1070 72 0
1055 72 0
37 72 0
21 72 0
377 72 0
1069 72 0
1257 72 0
132 72 0
869 72 0
165 72 0
1029 72 0
388 72 0
390 72 0
139 72 0
1068 72 0
1028 72 0
1057 72 0
310 72 0
200 72 0
156 72 0
199 72 0
1424 72 0
196 72 0
181 72 0
123 72 0
158 72 0
385 72 0
386 72 0
387 72 0
122 72 0
180 72 0
127 72 0
229 72 0
579 72 0
1168 72 0
172 72 0
378 72 0
369 72 0
1716 72 0
1711 72 0
1664 72 0
1060 72 0
219 72 0
129 72 0
178 72 0
224 72 0
222 72 0
173 72 0
1391 72 0
1090 72 0
19 72 0
317 72 0
1393 72 0
33 72 0
287 72 0
48 72 0
1258 72 0
940 72 0
186 72 0
1032 72 0
204 72 0
206 72 0
253 72 0
1398 72 0
1400 72 0
262 72 0
1328 72 0
282 72 0
251 72 0
250 72 0
307 72 0
823 72 0
269 72 0
185 72 0
1477 72 0
140 72 0
907 72 0
228 72 0
96 72 0
105 72 0
245 72 0
218 72 0
179 72 0
233 72 0
1402 72 0
225 72 0
137 72 0
1261 72 0
220 72 0
1394 72 0
1390 72 0
1664 98 0
367 98 0
30 98 0
35 98 0
1260 98 0
378 98 0
276 98 0
128 98 0
1068 98 0
318 98 0
21 98 0
1060 98 0
166 98 0
869 98 0
191 98 0
310 98 0
200 98 0
112 98 0
623 98 0
1058 98 0
33 98 0
36 98 0
37 98 0
1055 98 0
1070 98 0
1394 98 0
1711 98 0
139 98 0
390 98 0
389 98 0
101 98 0
182 98 0
199 98 0
1425 98 0
870 98 0
386 98 0
186 98 0
193 98 0
134 98 0
219 98 0
264 98 0
272 98 0
19 98 0
823 98 0
270 98 0
38 98 0
62 98 0
470 98 0
140 98 0
391 98 0
124 98 0
1028 98 0
165 98 0
1057 98 0
1261 98 0
1056 98 0
227 98 0
1174 98 0
142 98 0
1031 98 0
283 98 0
1665 98 0
256 98 0
377 98 0
1403 98 0
232 98 0
97 98 0
269 98 0
195 98 0
161 98 0
150 98 0
1032 98 0
170 98 0
891 98 0
168 98 0
159 98 0
122 98 0
180 98 0
127 98 0
1424 98 0
129 98 0
940 98 0
96 98 0
105 98 0
245 98 0
234 98 0
229 98 0
907 98 0
116 98 0
1316 98 0
217 98 0
141 98 0
1062 98 0
1069 98 0
49 98 0
192 98 0
235 98 0
246 98 0
388 98 0
106 98 0
137 98 0
1069 108 0
291 108 0
1387 108 0
309 108 0
1394 108 0
318 108 0
20 108 0
1416 108 0
19 108 0
402 108 0
118 108 0
138 108 0
199 108 0
369 108 0
182 108 0
62 108 0
193 108 0
134 108 0
1424 108 0
1257 108 0
470 108 0
1055 108 0
779 108 0
1080 108 0
277 108 0
884 108 0
267 108 0
150 108 0
377 108 0
115 108 0
1422 108 0
114 108 0
173 108 0
124 108 0
159 108 0
122 108 0
157 108 0
35 108 0
1260 108 0
165 108 0
1391 108 0
204 108 0
21 108 0
1393 108 0
308 108 0
307 108 0
38 108 0
1056 108 0
1058 108 0
1711 108 0
1664 108 0
39 108 0
1057 108 0
220 108 0
1399 108 0
255 108 0
186 108 0
1068 108 0
390 108 0
391 108 0
389 108 0
367 108 0
30 108 0
36 108 0
37 108 0
1060 108 0
1482 108 0
582 108 0
137 108 0
386 108 0
227 108 0
128 108 0
178 108 0
139 108 0
388 108 0
158 108 0
891 108 0
169 108 0
268 108 0
120 108 0
166 108 0
132 108 0
869 108 0
32 108 0
569 108 0
333 108 0
1707 108 0
149 108 0
203 108 0
284 108 0
272 108 0
213 108 0
1716 108 0
192 108 0
1328 108 0
112 108 0
219 108 0
310 108 0
168 108 0
822 108 0
1425 108 0
97 108 0
188 108 0
197 108 0
49 108 0
270 108 0
106 108 0
101 108 0
245 108 0
1064 108 0
195 108 0
586 108 0
1070 108 0
51 108 0
283 108 0
585 108 0
366 108 0
187 108 0
48 108 0
205 108 0
331 108 0
281 108 0
306 108 0
282 108 0
250 108 0
1389 108 0
940 108 0
868 108 0
1682 108 0
1261 108 0
1090 108 0
235 108 0
1317 108 0
191 108 0
1257 118 0
470 118 0
367 118 0
37 118 0
33 118 0
369 118 0
127 118 0
938 118 0
1058 118 0
386 118 0
186 118 0
1068 118 0
139 118 0
390 118 0
173 118 0
134 118 0
1425 118 0
219 118 0
115 118 0
198 118 0
21 118 0
38 118 0
35 118 0
1260 118 0
1054 118 0
1055 118 0
195 118 0
227 118 0
1060 118 0
1391 118 0
822 118 0
255 118 0
204 118 0
1389 118 0
19 118 0
1394 118 0
1174 118 0
388 118 0
1380 118 0
1317 118 0
1673 118 0
317 118 0
180 118 0
183 118 0
287 118 0
905 118 0
1057 118 0
1261 118 0
140 118 0
123 118 0
158 118 0
1414 118 0
213 118 0
869 118 0
120 118 0
1090 118 0
319 118 0
1387 118 0
309 118 0
1032 118 0
48 118 0
391 118 0
166 118 0
226 118 0
194 118 0
200 118 0
189 118 0
1064 118 0
1062 118 0
129 118 0
940 118 0
579 118 0
172 118 0
101 118 0
366 118 0
142 118 0
125 118 0
122 118 0
100 118 0
569 118 0
1378 118 0
149 118 0
150 118 0
196 118 0
38 119 0
826 119 0
470 119 0
48 119 0
1389 119 0
49 119 0
1058 119 0
33 119 0
30 119 0
35 119 0
1261 119 0
1394 119 0
318 119 0
21 119 0
1391 119 0
1055 119 0
1062 119 0
1260 119 0
1054 119 0
186 119 0
1068 119 0
390 119 0
1424 119 0
197 119 0
189 119 0
1316 119 0
218 119 0
874 119 0
37 119 0
1057 119 0
1664 119 0
1060 119 0
1070 119 0
134 119 0
219 119 0
369 119 0
128 119 0
124 119 0
268 119 0
1390 119 0
19 119 0
623 119 0
940 119 0
386 119 0
1425 119 0
870 119 0
150 119 0
907 119 0
204 119 0
139 119 0
129 119 0
135 119 0
1090 119 0
180 119 0
402 119 0
120 119 0
159 119 0
122 119 0
1420 119 0
199 119 0
29 119 0
112 119 0
388 119 0
195 119 0
391 119 0
101 119 0
1387 119 0
1257 119 0
170 119 0
127 119 0
229 119 0
579 119 0
172 119 0
227 119 0
107 119 0
822 119 0
149 119 0
287 119 0
181 119 0
126 119 0
234 119 0
100 119 0
1334 119 0
168 119 0
160 119 0
278 119 0
137 119 0
366 119 0
376 119 0
198 119 0
32 106 0
35 106 0
1260 106 0
1054 106 0
1069 106 0
20 106 0
1031 106 0
165 106 0
318 106 0
1028 106 0
170 106 0
874 106 0
906 106 0
623 106 0
1058 106 0
33 106 0
1711 106 0
38 106 0
1674 106 0
1057 106 0
214 106 0
386 106 0
1391 106 0
206 106 0
253 106 0
1400 106 0
262 106 0
585 106 0
366 106 0
1424 106 0
197 106 0
1317 106 0
169 106 0
268 106 0
107 106 0
37 106 0
1664 106 0
907 106 0
134 106 0
128 106 0
1068 106 0
333 106 0
269 106 0
21 106 0
19 106 0
824 106 0
470 106 0
1055 106 0
1033 106 0
390 106 0
139 106 0
367 106 0
200 106 0
62 106 0
1056 106 0
378 106 0
127 106 0
229 106 0
173 106 0
569 106 0
826 106 0
305 106 0
823 106 0
822 106 0
195 106 0
389 106 0
227 106 0
199 106 0
1425 106 0
870 106 0
129 106 0
940 106 0
180 106 0
126 106 0
29 106 0
1257 106 0
869 106 0
368 106 0
185 106 0
125 106 0
124 106 0
160 106 0
223 106 0
179 106 0
221 106 0
225 106 0
191 106 0
219 106 0
140 106 0
282 106 0
250 106 0
1394 106 0
387 106 0
158 106 0
159 106 0
1387 106 0
270 106 0
112 106 0
234 106 0
188 106 0
196 106 0
905 106 0
402 106 0
186 106 0
194 106 0
142 106 0
1673 106 0
267 106 0
1060 106 0
277 106 0
884 106 0
168 106 0
1070 106 0
1258 106 0
220 106 0
388 106 0
120 106 0
1062 106 0
144 106 0
579 106 0
1168 106 0
172 106 0
101 106 0
161 106 0
201 106 0
226 106 0
264 106 0
272 106 0
186 114 0
30 114 0
35 114 0
1260 114 0
1054 114 0
48 114 0
1389 114 0
402 114 0
118 114 0
193 114 0
134 114 0
127 114 0
623 114 0
1058 114 0
62 114 0
120 114 0
166 114 0
132 114 0
869 114 0
1664 114 0
1057 114 0
1056 114 0
1711 114 0
1055 114 0
151 114 0
128 114 0
206 114 0
253 114 0
1400 114 0
262 114 0
585 114 0
129 114 0
940 114 0
38 114 0
1068 114 0
139 114 0
390 114 0
1259 114 0
470 114 0
37 114 0
1070 114 0
173 114 0
823 114 0
1257 114 0
579 114 0
1168 114 0
172 114 0
101 114 0
938 114 0
270 114 0
219 114 0
199 114 0
1425 114 0
1424 114 0
1423 114 0
870 114 0
1392 114 0
1394 114 0
318 114 0
826 114 0
1258 114 0
1060 114 0
388 114 0
1032 114 0
97 114 0
822 114 0
116 114 0
378 114 0
29 114 0
376 114 0
142 114 0
123 114 0
158 114 0
169 114 0
268 114 0
204 114 0
1387 114 0
316 114 0
1328 114 0
881 114 0
217 114 0
375 114 0
368 114 0
1426 114 0
586 114 0
235 114 0
245 114 0
234 114 0
1716 114 0
267 114 0
168 114 0
159 114 0
243 114 0
304 114 0
112 114 0
246 114 0
104 114 0
180 114 0
150 114 0
278 114 0
874 114 0
19 114 0
305 114 0
286 114 0
122 114 0
200 114 0
907 114 0
389 114 0
137 114 0
160 114 0
905 114 0
623 120 0
33 120 0
1711 120 0
35 120 0
21 120 0
1257 120 0
470 120 0
37 120 0
30 120 0
402 120 0
191 120 0
824 120 0
38 120 0
1664 120 0
159 120 0
122 120 0
1068 120 0
1174 120 0
367 120 0
200 120 0
1059 120 0
29 120 0
386 120 0
186 120 0
139 120 0
391 120 0
227 120 0
271 120 0
1070 120 0
1057 120 0
1054 120 0
1260 120 0
333 120 0
270 120 0
199 120 0
870 120 0
940 120 0
1418 120 0
881 120 0
1028 120 0
317 120 0
120 120 0
219 120 0
226 120 0
1060 120 0
204 120 0
1389 120 0
49 120 0
48 120 0
1391 120 0
206 120 0
112 120 0
150 120 0
140 120 0
390 120 0
389 120 0
124 120 0
1394 120 0
318 120 0
1081 120 0
368 120 0
388 120 0
101 120 0
97 120 0
220 120 0
170 120 0
892 120 0
1032 120 0
377 120 0
869 120 0
177 120 0
132 120 0
868 120 0
166 120 0
268 120 0
189 120 0
310 120 0
1262 120 0
822 120 0
1477 120 0
1476 120 0
137 120 0
907 120 0
586 120 0
387 120 0
1390 120 0
1387 120 0
309 120 0
316 120 0
168 120 0
123 120 0
278 120 0
141 120 0
169 120 0
198 120 0
1422 120 0
116 120 0
158 120 0
884 120 0
308 120 0
251 120 0
280 120 0
330 120 0
281 120 0
306 120 0
906 121 0
457 121 0
623 121 0
1058 121 0
33 121 0
1711 121 0
32 121 0
30 121 0
35 121 0
1261 121 0
1258 121 0
19 121 0
270 121 0
134 121 0
1055 121 0
1260 121 0
1054 121 0
1716 121 0
1070 121 0
37 121 0
29 121 0
1664 121 0
38 121 0
199 121 0
870 121 0
183 121 0
151 121 0
207 121 0
214 121 0
219 121 0
236 121 0
1068 121 0
186 121 0
166 121 0
21 121 0
139 121 0
390 121 0
97 121 0
402 121 0
377 121 0
115 121 0
181 121 0
123 121 0
158 121 0
1316 121 0
218 121 0
874 121 0
129 121 0
389 121 0
101 121 0
391 121 0
227 121 0
1257 121 0
470 121 0
318 121 0
1416 121 0
144 121 0
272 121 0
333 121 0
1028 121 0
48 121 0
1394 121 0
206 121 0
253 121 0
1400 121 0
262 121 0
267 121 0
168 121 0
159 121 0
122 121 0
585 121 0
369 121 0
180 121 0
226 121 0
826 121 0
1090 121 0
1060 121 0
316 121 0
885 121 0
278 121 0
107 121 0
140 121 0
867 121 0
200 121 0
220 121 0
255 121 0
1064 121 0
120 121 0
822 121 0
884 121 0
569 121 0
150 121 0
112 121 0
388 121 0
169 121 0
891 121 0
1262 121 0
1477 121 0
137 121 0
127 121 0
1057 121 0
1032 121 0
229 121 0
579 121 0
1168 121 0
172 121 0
1169 121 0
580 121 0
228 121 0
306 121 0
282 121 0
250 121 0
307 121 0
33 122 0
1055 122 0
35 122 0
1260 122 0
1054 122 0
1261 122 0
1258 122 0
134 122 0
219 122 0
1068 122 0
139 122 0
390 122 0
284 122 0
21 122 0
870 122 0
1030 122 0
1716 122 0
1482 122 0
867 122 0
107 122 0
30 122 0
1711 122 0
1664 122 0
388 122 0
186 122 0
906 122 0
457 122 0
235 122 0
246 122 0
234 122 0
623 122 0
1058 122 0
62 122 0
1056 122 0
1057 122 0
1069 122 0
200 122 0
1060 122 0
32 122 0
37 122 0
1387 122 0
1394 122 0
318 122 0
129 122 0
940 122 0
227 122 0
112 122 0
220 122 0
1257 122 0
195 122 0
120 122 0
166 122 0
132 122 0
869 122 0
191 122 0
137 122 0
402 122 0
199 122 0
377 122 0
1413 122 0
230 122 0
126 122 0
389 122 0
101 122 0
97 122 0
391 122 0
140 122 0
1391 122 0
907 122 0
1663 122 0
270 122 0
150 122 0
38 122 0
470 122 0
48 122 0
255 122 0
204 122 0
1418 122 0
873 122 0
874 122 0
125 122 0
316 122 0
133 122 0
127 122 0
228 122 0
1399 122 0
1400 122 0
262 122 0
106 122 0
305 122 0
243 122 0
304 122 0
306 122 0
1032 122 0
229 122 0
579 122 0
1168 122 0
172 122 0
96 122 0
105 122 0
1316 122 0
19 122 0
588 122 0
1090 122 0
308 122 0
252 122 0
331 122 0
272 91 0
873 91 0
187 91 0
874 91 0
378 91 0
107 91 0
30 91 0
37 91 0
29 91 0
33 91 0
1711 91 0
1674 91 0
1664 91 0
32 91 0
35 91 0
1260 91 0
118 91 0
21 91 0
1080 91 0
824 91 0
38 91 0
470 91 0
1056 91 0
1387 91 0
250 91 0
307 91 0
20 91 0
906 91 0
457 91 0
1031 91 0
277 91 0
267 91 0
168 91 0
158 91 0
159 91 0
375 91 0
368 91 0
199 91 0
1391 91 0
623 91 0
1058 91 0
62 91 0
1257 91 0
114 91 0
402 91 0
870 91 0
126 91 0
585 91 0
376 91 0
390 91 0
165 91 0
1029 91 0
308 91 0
252 91 0
332 91 0
330 91 0
206 91 0
1665 91 0
137 91 0
150 91 0
1418 91 0
122 91 0
19 91 0
317 91 0
1393 91 0
1070 91 0
180 91 0
1261 91 0
391 91 0
1273 91 0
1677 91 0
326 91 0
269 91 0
823 91 0
276 91 0
219 91 0
128 91 0
905 91 0
1081 91 0
1057 91 0
127 91 0
229 91 0
579 91 0
172 91 0
101 91 0
1060 91 0
386 91 0
186 91 0
1068 91 0
822 91 0
1174 91 0
283 91 0
940 91 0
194 91 0
318 91 0
112 91 0
389 91 0
170 91 0
1316 91 0
217 91 0
1426 91 0
1069 91 0
97 91 0
140 91 0
256 91 0
225 91 0
177 91 0
204 91 0
1394 91 0
214 91 0
1090 91 0
185 91 0
139 91 0
1028 91 0
235 91 0
1032 91 0
1707 91 0
291 91 0
151 91 0
1476 91 0
181 91 0
123 91 0
1030 91 0
228 91 0
200 91 0
220 91 0
388 91 0
387 91 0
1716 91 0
1482 91 0
20 93 0
21 93 0
906 93 0
1058 93 0
33 93 0
1055 93 0
1057 93 0
1054 93 0
30 93 0
35 93 0
1260 93 0
165 93 0
193 93 0
107 93 0
36 93 0
128 93 0
182 93 0
1028 93 0
160 93 0
386 93 0
185 93 0
186 93 0
1080 93 0
824 93 0
38 93 0
470 93 0
19 93 0
1068 93 0
390 93 0
1056 93 0
140 93 0
139 93 0
1711 93 0
1682 93 0
262 93 0
122 93 0
219 93 0
402 93 0
118 93 0
37 93 0
1261 93 0
318 93 0
235 93 0
378 93 0
623 93 0
126 93 0
389 93 0
1070 93 0
1664 93 0
1060 93 0
823 93 0
1707 93 0
255 93 0
205 93 0
332 93 0
250 93 0
1394 93 0
317 93 0
569 93 0
1426 93 0
214 93 0
201 93 0
269 93 0
305 93 0
281 93 0
230 93 0
125 93 0
142 93 0
1257 93 0
1258 93 0
905 93 0
826 93 0
227 93 0
1390 93 0
1388 93 0
166 93 0
869 93 0
1418 93 0
1387 93 0
1391 93 0
206 93 0
158 93 0
267 93 0
1032 93 0
112 93 0
220 93 0
1399 93 0
28 93 0
1476 93 0
1477 93 0
938 93 0
1069 93 0
940 93 0
199 93 0
1389 93 0
245 93 0
234 93 0
1665 93 0
192 93 0
385 93 0
1395 93 0
1392 93 0
106 93 0
204 93 0
1393 93 0
307 93 0
48 93 0
874 93 0
1414 93 0
1273 93 0
101 93 0
97 93 0
391 93 0
120 93 0
402 94 0
906 94 0
457 94 0
623 94 0
1058 94 0
62 94 0
35 94 0
1055 94 0
1056 94 0
1057 94 0
1054 94 0
870 94 0
1257 94 0
779 94 0
386 94 0
186 94 0
1068 94 0
19 94 0
823 94 0
139 94 0
390 94 0
388 94 0
189 94 0
143 94 0
375 94 0
369 94 0
37 94 0
1674 94 0
1664 94 0
1070 94 0
824 94 0
38 94 0
33 94 0
1711 94 0
20 94 0
21 94 0
470 94 0
317 94 0
316 94 0
318 94 0
268 94 0
1028 94 0
276 94 0
107 94 0
30 94 0
195 94 0
1260 94 0
199 94 0
310 94 0
36 94 0
1174 94 0
235 94 0
246 94 0
104 94 0
96 94 0
105 94 0
245 94 0
234 94 0
200 94 0
32 94 0
270 94 0
134 94 0
1060 94 0
938 94 0
127 94 0
229 94 0
579 94 0
172 94 0
128 94 0
124 94 0
160 94 0
277 94 0
884 94 0
51 94 0
306 94 0
281 94 0
305 94 0
304 94 0
142 94 0
122 94 0
180 94 0
333 94 0
891 94 0
185 94 0
181 94 0
123 94 0
158 94 0
169 94 0
206 94 0
253 94 0
262 94 0
219 94 0
112 94 0
267 94 0
170 94 0
125 94 0
182 94 0
368 94 0
366 94 0
255 94 0
205 94 0
332 94 0
250 94 0
309 94 0
1394 94 0
1069 94 0
1387 94 0
1716 94 0
1032 94 0
212 94 0
126 94 0
159 94 0
391 94 0
385 94 0
1424 94 0
197 94 0
120 94 0
191 94 0
1262 94 0
569 94 0
1391 94 0
48 94 0
49 94 0
1400 94 0
389 94 0
1258 94 0
1482 94 0
1399 94 0
204 94 0
1389 94 0
173 85 0
255 85 0
206 85 0
205 85 0
332 85 0
250 85 0
1394 85 0
1028 85 0
386 85 0
158 85 0
218 85 0
623 85 0
1058 85 0
33 85 0
1391 85 0
204 85 0
1389 85 0
1057 85 0
269 85 0
822 85 0
20 85 0
22 85 0
21 85 0
1664 85 0
186 85 0
1174 85 0
35 85 0
132 85 0
869 85 0
1328 85 0
167 85 0
107 85 0
37 85 0
1711 85 0
1674 85 0
236 85 0
182 85 0
126 85 0
180 85 0
369 85 0
235 85 0
1060 85 0
118 85 0
378 85 0
779 85 0
1081 85 0
1080 85 0
824 85 0
38 85 0
470 85 0
1055 85 0
19 85 0
823 85 0
270 85 0
219 85 0
1425 85 0
1260 85 0
191 85 0
377 85 0
1424 85 0
375 85 0
1257 85 0
1259 85 0
277 85 0
884 85 0
267 85 0
1056 85 0
276 85 0
1261 85 0
1068 85 0
29 85 0
586 85 0
234 85 0
245 85 0
585 85 0
199 85 0
150 85 0
1663 85 0
123 85 0
169 85 0
318 85 0
1387 85 0
307 85 0
198 85 0
116 85 0
115 85 0
122 85 0
128 85 0
207 85 0
938 85 0
1032 85 0
1379 85 0
881 85 0
139 85 0
390 85 0
1395 85 0
1392 85 0
214 85 0
127 85 0
229 85 0
579 85 0
391 85 0
227 85 0
124 85 0
1665 85 0
192 85 0
200 85 0
220 85 0
48 85 0
905 85 0
161 85 0
366 85 0
1673 85 0
262 85 0
112 85 0
304 85 0
254 85 0
305 85 0
569 85 0
317 85 0
1258 85 0
1476 85 0
172 85 0
187 85 0
874 85 0
195 85 0
388 85 0
1168 85 0
99 85 0
272 85 0
97 136 0
391 136 0
390 136 0
139 136 0
585 136 0
200 136 0
1068 136 0
1060 136 0
21 136 0
98 136 0
1257 136 0
318 136 0
388 136 0
112 136 0
377 136 0
115 136 0
470 136 0
1682 136 0
333 136 0
120 136 0
1090 136 0
369 136 0
402 136 0
822 136 0
316 136 0
308 136 0
251 136 0
129 136 0
940 136 0
269 136 0
37 136 0
125 136 0
376 136 0
169 136 0
1387 136 0
1394 136 0
907 136 0
140 136 0
160 136 0
1389 136 0
219 136 0
235 136 0
245 136 0
220 136 0
199 136 0
22 136 0
166 136 0
368 136 0
1068 9 0
140 9 0
227 9 0
219 9 0
378 9 0
1664 9 0
1390 9 0
1413 9 0
1415 9 0
888 9 0
886 9 0
267 9 0
159 9 0
139 9 0
390 9 0
391 9 0
470 9 0
388 9 0
1676 9 0
95 9 0
198 9 0
1422 9 0
98 9 0
1394 9 0
1060 9 0
906 1 0
1058 1 0
134 1 0
402 1 0
137 1 0
149 1 0
139 1 0
390 1 0
220 1 0
1273 1 0
391 1 0
1416 1 0
30 1 0
95 1 0
228 1 0
245 1 0
156 1 0
128 1 0
1060 1 0
214 1 0
194 1 0
97 1 0
120 1 0
1391 1 0
206 1 0
253 1 0
262 1 0
234 1 0
1260 1 0
385 1 0
129 1 0
219 1 0
319 1 0
1665 1 0
1394 1 0
366 2 0
376 2 0
470 2 0
1399 2 0
255 2 0
204 2 0
205 2 0
331 2 0
250 2 0
307 2 0
128 2 0
1060 2 0
333 2 0
195 2 0
139 2 0
388 2 0
189 2 0
1391 2 0
1394 2 0
316 2 0
906 130 0
938 130 0
1260 130 0
165 130 0
166 130 0
132 130 0
213 130 0
193 130 0
220 130 0
1399 130 0
255 130 0
1062 130 0
317 130 0
330 130 0
206 130 0
253 130 0
1400 130 0
262 130 0
470 130 0
173 130 0
571 130 0
579 130 0
1168 130 0
172 130 0
101 130 0
98 130 0
1060 130 0
1394 130 0
316 130 0
318 130 0
19 130 0
120 130 0
37 130 0
48 130 0
1391 130 0
123 130 0
158 130 0
159 130 0
122 130 0
195 130 0
118 130 0
236 130 0
127 130 0
186 130 0
1068 130 0
390 130 0
97 130 0
139 130 0
128 130 0
235 130 0
1257 130 0
140 130 0
189 130 0
891 130 0
1070 130 0
200 130 0
112 130 0
203 130 0
870 130 0
1090 130 0
197 130 0
188 130 0
623 130 0
169 130 0
180 130 0
375 130 0
234 130 0
585 130 0
299 130 0
245 130 0
586 130 0
368 130 0
219 130 0
1032 130 0
940 130 0
204 130 0
242 130 0
402 130 0
301 130 0
1389 130 0
49 130 0
201 130 0
1261 130 0
1064 130 0
218 130 0
168 130 0
198 130 0
1422 130 0
199 130 0
1716 130 0
1482 130 0
569 130 0
822 130 0
1260 131 0
120 131 0
192 131 0
119 131 0
39 131 0
255 131 0
203 131 0
302 131 0
329 131 0
935 131 0
103 131 0
569 131 0
51 131 0
570 131 0
96 131 0
105 131 0
938 131 0
19 131 0
193 131 0
219 131 0
128 131 0
1068 131 0
122 131 0
585 131 0
37 131 0
173 131 0
1057 131 0
195 131 0
269 131 0
101 131 0
388 131 0
1664 131 0
229 131 0
579 131 0
172 131 0
139 131 0
390 131 0
186 131 0
198 131 0
220 131 0
1399 131 0
204 131 0
170 131 0
268 131 0
183 131 0
328 131 0
21 131 0
48 131 0
1391 131 0
1090 131 0
1069 131 0
151 131 0
180 131 0
126 131 0
156 131 0
1032 131 0
1394 131 0
200 131 0
1426 131 0
317 131 0
892 131 0
1316 131 0
940 131 0
1400 131 0
1060 131 0
214 131 0
262 131 0
1070 131 0
201 131 0
822 131 0
402 131 0
907 131 0
1389 131 0
49 131 0
1682 131 0
197 131 0
938 135 0
139 135 0
390 135 0
1273 135 0
186 135 0
1068 135 0
1394 135 0
318 135 0
891 135 0
159 135 0
122 135 0
180 135 0
127 135 0
470 135 0
219 135 0
276 135 0
1060 135 0
1070 135 0
1260 135 0
1032 135 0
97 135 0
588 135 0
1389 135 0
49 135 0
99 135 0
19 135 0
885 135 0
181 135 0
200 135 0
151 135 0
188 135 0
197 135 0
192 135 0
177 135 0
214 135 0
1062 135 0
1069 135 0
402 135 0
195 135 0
822 135 0
256 135 0
32 100 0
30 100 0
35 100 0
1260 100 0
369 100 0
236 100 0
182 100 0
870 100 0
824 100 0
38 100 0
470 100 0
1056 100 0
33 100 0
1711 100 0
1081 100 0
457 100 0
623 100 0
1058 100 0
134 100 0
276 100 0
586 100 0
235 100 0
366 100 0
375 100 0
219 100 0
199 100 0
1090 100 0
1055 100 0
1664 100 0
822 100 0
386 100 0
185 100 0
122 100 0
128 100 0
189 100 0
21 100 0
1257 100 0
1057 100 0
127 100 0
229 100 0
579 100 0
172 100 0
99 100 0
869 100 0
177 100 0
186 100 0
385 100 0
1420 100 0
157 100 0
37 100 0
1068 100 0
390 100 0
388 100 0
218 100 0
892 100 0
1316 100 0
187 100 0
874 100 0
1716 100 0
1060 100 0
1070 100 0
378 100 0
368 100 0
1261 100 0
1032 100 0
267 100 0
170 100 0
890 100 0
887 100 0
168 100 0
159 100 0
180 100 0
139 100 0
1069 100 0
1390 100 0
188 100 0
1422 100 0
1682 100 0
319 100 0
389 100 0
19 100 0
101 100 0
171 100 0
1168 100 0
581 100 0
402 100 0
192 100 0
166 100 0
1416 100 0
823 100 0
181 100 0
1387 100 0
1394 100 0
316 100 0
317 100 0
125 100 0
149 100 0
1707 100 0
264 100 0
272 100 0
270 100 0
569 100 0
262 100 0
905 100 0
49 100 0
35 101 0
1260 101 0
905 101 0
906 101 0
457 101 0
623 101 0
1058 101 0
386 101 0
186 101 0
1068 101 0
139 101 0
390 101 0
391 101 0
99 101 0
19 101 0
824 101 0
38 101 0
470 101 0
1055 101 0
33 101 0
1711 101 0
1056 101 0
135 101 0
246 101 0
37 101 0
97 101 0
1057 101 0
128 101 0
185 101 0
122 101 0
1069 101 0
187 101 0
874 101 0
219 101 0
269 101 0
822 101 0
20 101 0
245 101 0
366 101 0
142 101 0
125 101 0
123 101 0
158 101 0
1391 101 0
151 101 0
276 101 0
388 101 0
98 101 0
367 101 0
940 101 0
1060 101 0
137 101 0
149 101 0
189 101 0
218 101 0
21 101 0
317 101 0
1393 101 0
307 101 0
1174 101 0
180 101 0
402 101 0
319 101 0
387 101 0
159 101 0
191 101 0
226 101 0
184 101 0
177 101 0
316 101 0
581 101 0
569 101 0
103 101 0
935 101 0
1665 101 0
182 101 0
126 101 0
118 101 0
217 101 0
823 101 0
270 101 0
181 101 0
124 101 0
235 101 0
870 101 0
112 101 0
220 101 0
1399 101 0
255 101 0
318 101 0
207 101 0
891 101 0
168 101 0
140 101 0
264 101 0
144 101 0
385 101 0
199 101 0
1422 101 0
1070 101 0
161 101 0
306 101 0
282 101 0
1032 101 0
869 101 0
188 101 0
262 101 0
200 101 0
227 101 0
1055 126 0
29 126 0
62 126 0
1260 126 0
1068 126 0
139 126 0
390 126 0
388 126 0
391 126 0
389 126 0
101 126 0
97 126 0
227 126 0
219 126 0
199 126 0
150 126 0
137 126 0
186 126 0
197 126 0
188 126 0
196 126 0
157 126 0
161 126 0
1711 126 0
48 126 0
21 126 0
940 126 0
939 126 0
19 126 0
134 126 0
129 126 0
1174 126 0
1394 126 0
402 126 0
1070 126 0
166 126 0
1032 126 0
1391 126 0
206 126 0
279 126 0
325 126 0
192 126 0
195 126 0
905 126 0
256 126 0
310 126 0
173 126 0
207 126 0
1057 126 0
891 126 0
168 126 0
179 126 0
222 126 0
1273 126 0
170 126 0
1316 126 0
874 126 0
309 126 0
1395 126 0
181 126 0
123 126 0
1716 126 0
1482 126 0
124 126 0
223 126 0
225 126 0
112 126 0
1334 126 0
140 126 0
822 126 0
198 126 0
267 126 0
220 126 0
1399 126 0
255 126 0
204 126 0
1389 126 0
214 126 0
569 126 0
51 126 0
1387 126 0
1261 126 0
329 126 0
935 126 0
570 126 0
96 126 0
105 126 0
1069 126 0
104 126 0
95 126 0
120 126 0
317 126 0
308 126 0
252 126 0
330 126 0
203 126 0
826 126 0
873 30 0
189 30 0
378 30 0
1391 30 0
204 30 0
219 30 0
245 30 0
234 30 0
127 30 0
105 30 0
585 30 0
1068 30 0
139 30 0
391 30 0
193 30 0
1032 30 0
268 30 0
150 30 0
121 30 0
246 30 0
103 30 0
388 37 0
901 37 0
193 37 0
120 37 0
166 37 0
107 37 0
132 37 0
869 37 0
114 37 0
870 37 0
319 37 0
1054 37 0
1032 37 0
291 37 0
402 37 0
389 37 0
101 37 0
134 37 0
375 37 0
316 37 0
1055 132 0
120 132 0
177 132 0
191 132 0
137 132 0
127 132 0
227 132 0
140 132 0
245 132 0
1068 132 0
387 132 0
907 132 0
1090 132 0
823 132 0
1060 132 0
375 132 0
402 132 0
202 132 0
183 132 0
906 132 0
129 132 0
940 132 0
173 132 0
204 132 0
269 132 0
822 132 0
48 132 0
276 132 0
235 132 0
246 132 0
104 132 0
95 132 0
229 132 0
579 132 0
470 132 0
186 132 0
192 132 0
220 132 0
1399 132 0
255 132 0
205 132 0
332 132 0
250 132 0
1395 132 0
1392 132 0
390 132 0
97 132 0
98 132 0
1069 132 0
180 132 0
1260 132 0
19 132 0
871 132 0
868 132 0
1391 132 0
1389 132 0
150 132 0
188 132 0
218 132 0
101 132 0
391 132 0
122 132 0
219 132 0
377 132 0
115 132 0
262 132 0
112 132 0
139 132 0
388 132 0
234 132 0
1058 102 0
35 102 0
1260 102 0
1054 102 0
30 102 0
1391 102 0
206 102 0
38 102 0
470 102 0
1055 102 0
1056 102 0
33 102 0
1711 102 0
1674 102 0
906 102 0
1664 102 0
1060 102 0
391 102 0
227 102 0
585 102 0
1068 102 0
140 102 0
128 102 0
186 102 0
139 102 0
390 102 0
457 102 0
402 102 0
366 102 0
126 102 0
123 102 0
158 102 0
169 102 0
268 102 0
1028 102 0
1057 102 0
134 102 0
20 102 0
124 102 0
1032 102 0
386 102 0
185 102 0
166 102 0
869 102 0
137 102 0
149 102 0
1418 102 0
272 102 0
19 102 0
1394 102 0
318 102 0
623 102 0
389 102 0
1257 102 0
37 102 0
115 102 0
142 102 0
188 102 0
1665 102 0
48 102 0
1258 102 0
316 102 0
197 102 0
189 102 0
1316 102 0
218 102 0
187 102 0
101 102 0
49 102 0
588 102 0
319 102 0
317 102 0
1393 102 0
308 102 0
905 102 0
1387 102 0
309 102 0
1389 102 0
885 102 0
219 102 0
199 102 0
195 102 0
129 102 0
940 102 0
255 102 0
205 102 0
332 102 0
250 102 0
301 102 0
333 102 0
200 102 0
388 102 0
1069 102 0
282 102 0
307 102 0
120 102 0
112 102 0
264 102 0
127 102 0
122 102 0
1403 102 0
232 102 0
30 88 0
35 88 0
1260 88 0
1054 88 0
33 88 0
1711 88 0
1664 88 0
1060 88 0
1070 88 0
824 88 0
38 88 0
470 88 0
1056 88 0
1257 88 0
623 88 0
1058 88 0
122 88 0
180 88 0
128 88 0
1068 88 0
1069 88 0
1030 88 0
1031 88 0
165 88 0
1174 88 0
193 88 0
134 88 0
219 88 0
906 88 0
62 88 0
276 88 0
126 88 0
181 88 0
1080 88 0
402 88 0
378 88 0
112 88 0
172 88 0
101 88 0
1258 88 0
1055 88 0
1403 88 0
107 88 0
269 88 0
822 88 0
21 88 0
826 88 0
37 88 0
19 88 0
318 88 0
940 88 0
1057 88 0
1426 88 0
120 88 0
166 88 0
139 88 0
390 88 0
189 88 0
887 88 0
187 88 0
823 88 0
1414 88 0
197 88 0
874 88 0
1677 88 0
29 88 0
32 88 0
1425 88 0
870 88 0
150 88 0
192 88 0
177 88 0
188 88 0
1422 88 0
317 88 0
377 88 0
115 88 0
106 88 0
299 88 0
245 88 0
234 88 0
1394 88 0
1393 88 0
308 88 0
252 88 0
330 88 0
1387 88 0
250 88 0
307 88 0
97 88 0
203 88 0
302 88 0
329 88 0
935 88 0
103 88 0
569 88 0
51 88 0
570 88 0
204 88 0
1389 88 0
1665 88 0
309 88 0
158 88 0
169 88 0
885 88 0
279 88 0
1090 88 0
149 88 0
186 88 0
366 88 0
375 88 0
368 88 0
1261 88 0
1416 88 0
168 88 0
386 88 0
1032 88 0
124 88 0
1028 88 0
907 88 0
256 88 0
319 88 0
140 88 0
229 88 0
579 88 0
200 88 0
869 88 0
588 88 0
388 143 0
623 143 0
1389 143 0
49 143 0
1068 143 0
139 143 0
390 143 0
325 143 0
391 143 0
189 143 0
891 143 0
170 143 0
160 143 0
1055 143 0
1419 143 0
1664 143 0
402 143 0
112 143 0
36 143 0
96 143 0
105 143 0
245 143 0
219 143 0
137 143 0
188 143 0
1028 143 0
1060 143 0
235 143 0
48 143 0
120 143 0
366 143 0
375 143 0
279 143 0
1316 143 0
187 143 0
1391 143 0
204 143 0
206 143 0
253 143 0
262 143 0
386 117 0
186 117 0
21 117 0
1058 117 0
35 117 0
1260 117 0
1054 117 0
331 117 0
282 117 0
250 117 0
307 117 0
402 117 0
118 117 0
112 117 0
1057 117 0
1070 117 0
1060 117 0
37 117 0
33 117 0
219 117 0
1055 117 0
470 117 0
569 117 0
390 117 0
98 117 0
158 117 0
169 117 0
885 117 0
318 117 0
585 117 0
62 117 0
195 117 0
270 117 0
134 117 0
220 117 0
1399 117 0
255 117 0
173 117 0
128 117 0
1068 117 0
317 117 0
1393 117 0
251 117 0
280 117 0
120 117 0
29 117 0
287 117 0
228 117 0
96 117 0
105 117 0
245 117 0
234 117 0
333 117 0
19 117 0
139 117 0
388 117 0
389 117 0
1273 117 0
101 117 0
97 117 0
269 117 0
181 117 0
141 117 0
1317 117 0
892 117 0
159 117 0
125 117 0
142 117 0
123 117 0
1257 117 0
1391 117 0
204 117 0
1716 117 0
127 117 0
229 117 0
579 117 0
1168 117 0
172 117 0
391 117 0
177 117 0
191 117 0
1090 117 0
206 117 0
253 117 0
1400 117 0
262 117 0
940 117 0
200 117 0
1394 117 0
1261 117 0
387 117 0
166 117 0
132 117 0
826 117 0
310 117 0
230 117 0
126 117 0
268 117 0
779 81 0
1080 81 0
824 81 0
38 81 0
470 81 0
1055 81 0
37 81 0
29 81 0
33 81 0
1711 81 0
1664 81 0
1056 81 0
333 81 0
264 81 0
21 81 0
1060 81 0
1257 81 0
128 81 0
186 81 0
1174 81 0
402 81 0
201 81 0
223 81 0
129 81 0
940 81 0
107 81 0
938 81 0
49 81 0
122 81 0
1716 81 0
378 81 0
1422 81 0
116 81 0
569 81 0
51 81 0
891 81 0
1261 81 0
1476 81 0
1058 81 0
1057 81 0
276 81 0
369 81 0
236 81 0
160 81 0
1028 81 0
165 81 0
1424 81 0
623 81 0
823 81 0
269 81 0
134 81 0
219 81 0
192 81 0
1259 81 0
1068 81 0
132 81 0
868 81 0
1260 81 0
1069 81 0
1673 81 0
199 81 0
386 81 0
230 81 0
126 81 0
181 81 0
158 81 0
268 81 0
317 81 0
1393 81 0
308 81 0
252 81 0
1258 81 0
220 81 0
127 81 0
200 81 0
366 81 0
367 81 0
125 81 0
173 81 0
1070 81 0
1032 81 0
227 81 0
585 81 0
1336 81 0
172 81 0
101 81 0
229 81 0
579 81 0
1168 81 0
171 81 0
97 81 0
139 81 0
826 81 0
1387 81 0
1399 81 0
255 81 0
204 81 0
19 81 0
1391 81 0
1389 81 0
187 81 0
874 81 0
104 81 0
95 81 0
1394 81 0
318 81 0
191 81 0
235 81 0
218 81 0
189 81 0
1377 81 0
39 81 0
137 81 0
1418 81 0
188 81 0
197 81 0
390 81 0
389 81 0
140 81 0
262 81 0
156 81 0
233 81 0
232 81 0
309 81 0
387 81 0
206 81 0
203 81 0
140 133 0
227 133 0
139 133 0
390 133 0
388 133 0
389 133 0
1424 133 0
142 133 0
906 133 0
183 133 0
107 133 0
1389 133 0
1664 133 0
1070 133 0
37 133 0
48 133 0
122 133 0
1060 133 0
1260 133 0
1068 133 0
127 133 0
229 133 0
579 133 0
1168 133 0
172 133 0
1334 133 0
219 133 0
235 133 0
1258 133 0
470 133 0
101 133 0
391 133 0
1392 133 0
1394 133 0
318 133 0
173 133 0
135 133 0
112 133 0
1336 133 0
1174 133 0
200 133 0
220 133 0
1399 133 0
255 133 0
204 133 0
1391 133 0
1423 133 0
234 133 0
586 133 0
268 133 0
137 133 0
150 133 0
186 133 0
206 133 0
253 133 0
169 133 0
246 133 0
104 133 0
95 133 0
228 133 0
569 133 0
126 133 0
111 133 0
214 133 0
1090 133 0
191 133 0
317 133 0
97 133 0
826 133 0
368 133 0
51 133 0
1062 134 0
906 134 0
1054 134 0
1068 134 0
48 134 0
1391 134 0
183 134 0
186 134 0
37 134 0
1389 134 0
49 134 0
390 134 0
891 134 0
1260 134 0
1334 134 0
101 134 0
97 134 0
391 134 0
470 134 0
1060 134 0
140 134 0
229 134 0
579 134 0
172 134 0
938 134 0
1032 134 0
120 134 0
126 134 0
180 134 0
200 134 0
139 134 0
99 134 0
1420 134 0
255 134 0
1399 134 0
204 134 0
1682 134 0
138 134 0
220 134 0
262 134 0
235 134 0
246 134 0
253 134 0
1400 134 0
199 134 0
1425 134 0
114 134 0
1090 134 0
191 134 0
129 134 0
940 134 0
1388 134 0
1257 134 0
188 134 0
127 134 0
144 134 0
826 134 0
118 84 0
112 84 0
220 84 0
1399 84 0
255 84 0
1032 84 0
375 84 0
200 84 0
203 84 0
204 84 0
1391 84 0
21 84 0
906 84 0
1058 84 0
1057 84 0
402 84 0
269 84 0
1394 84 0
318 84 0
33 84 0
1711 84 0
1674 84 0
905 84 0
1664 84 0
1030 84 0
262 84 0
166 84 0
132 84 0
306 84 0
282 84 0
250 84 0
307 84 0
1260 84 0
1055 84 0
165 84 0
386 84 0
186 84 0
1174 84 0
37 84 0
1257 84 0
824 84 0
38 84 0
470 84 0
1056 84 0
236 84 0
128 84 0
1081 84 0
1070 84 0
823 84 0
182 84 0
181 84 0
123 84 0
1028 84 0
106 84 0
19 84 0
822 84 0
569 84 0
111 84 0
1665 84 0
198 84 0
129 84 0
1068 84 0
139 84 0
390 84 0
1387 84 0
309 84 0
333 84 0
377 84 0
366 84 0
1422 84 0
158 84 0
169 84 0
885 84 0
1258 84 0
197 84 0
874 84 0
1476 84 0
199 84 0
256 84 0
388 84 0
159 84 0
150 84 0
137 84 0
219 84 0
368 84 0
161 84 0
1663 84 0
1261 84 0
214 84 0
308 84 0
230 84 0
126 84 0
180 84 0
127 84 0
318 107 0
20 107 0
1056 107 0
1057 107 0
1054 107 0
1674 107 0
824 107 0
38 107 0
470 107 0
1055 107 0
113 107 0
107 107 0
30 107 0
36 107 0
37 107 0
386 107 0
186 107 0
1174 107 0
166 107 0
132 107 0
869 107 0
150 107 0
262 107 0
870 107 0
1664 107 0
1060 107 0
907 107 0
585 107 0
366 107 0
198 107 0
1422 107 0
116 107 0
199 107 0
1426 107 0
33 107 0
1711 107 0
333 107 0
173 107 0
368 107 0
115 107 0
1424 107 0
35 107 0
1261 107 0
62 107 0
134 107 0
219 107 0
905 107 0
129 107 0
1033 107 0
229 107 0
579 107 0
172 107 0
99 107 0
39 107 0
236 107 0
142 107 0
123 107 0
158 107 0
168 107 0
159 107 0
122 107 0
118 107 0
192 107 0
1260 107 0
457 107 0
623 107 0
1058 107 0
32 107 0
1257 107 0
178 107 0
197 107 0
188 107 0
196 107 0
180 107 0
127 107 0
230 107 0
227 107 0
128 107 0
124 107 0
1028 107 0
181 107 0
143 107 0
1070 107 0
200 107 0
1069 107 0
402 107 0
19 107 0
270 107 0
189 107 0
169 107 0
268 107 0
48 107 0
1391 107 0
170 107 0
892 107 0
1316 107 0
218 107 0
187 107 0
874 107 0
195 107 0
1068 107 0
276 107 0
139 107 0
390 107 0
391 107 0
389 107 0
101 107 0
822 107 0
151 107 0
245 107 0
120 107 0
204 107 0
1389 107 0
49 107 0
388 107 0
235 107 0
1090 107 0
316 107 0
1390 107 0
881 107 0
217 107 0
375 107 0
826 107 0
1258 107 0
51 107 0
569 107 0
97 107 0
267 107 0
112 107 0
179 107 0
220 107 0
1399 107 0
255 107 0
1716 107 0
386 51 0
125 51 0
1070 51 0
287 51 0
166 51 0
132 51 0
120 51 0
387 51 0
159 51 0
402 51 0
112 51 0
588 51 0
318 51 0
21 51 0
128 51 0
186 51 0
1068 51 0
38 51 0
1261 51 0
139 51 0
390 51 0
388 51 0
98 51 0
1030 51 0
19 51 0
470 51 0
1055 51 0
1056 51 0
268 51 0
33 51 0
1711 51 0
1260 51 0
333 51 0
1032 51 0
1334 51 0
1426 51 0
37 51 0
1424 51 0
196 51 0
376 51 0
142 51 0
262 51 0
219 51 0
220 51 0
198 51 0
1062 51 0
141 51 0
1317 51 0
1394 51 0
874 51 0
870 51 0
385 51 0
823 51 0
1258 51 0
156 51 0
137 51 0
1069 51 0
319 51 0
101 51 0
97 51 0
267 51 0
168 51 0
197 51 0
188 51 0
150 51 0
368 51 0
366 51 0
1060 51 0
905 51 0
1424 142 0
197 142 0
188 142 0
1664 142 0
1060 142 0
129 142 0
940 142 0
37 142 0
22 142 0
195 142 0
938 142 0
219 142 0
125 142 0
873 142 0
1414 142 0
279 142 0
21 142 0
192 142 0
178 142 0
1032 142 0
166 142 0
132 142 0
868 142 0
1058 142 0
586 142 0
235 142 0
276 142 0
139 142 0
186 142 0
388 142 0
470 142 0
330 142 0
203 142 0
585 142 0
48 142 0
1477 142 0
142 142 0
177 142 0
1391 142 0
185 57 0
198 57 0
870 57 0
1064 57 0
234 57 0
585 57 0
366 57 0
116 57 0
1056 57 0
33 57 0
38 57 0
470 57 0
1055 57 0
1664 57 0
1060 57 0
1068 57 0
390 57 0
391 57 0
388 57 0
1174 57 0
402 57 0
112 57 0
134 57 0
1090 57 0
262 57 0
1031 57 0
186 57 0
824 57 0
207 57 0
214 57 0
587 57 0
1707 57 0
37 57 0
104 57 0
245 57 0
181 57 0
51 57 0
1258 57 0
1390 57 0
19 57 0
1394 57 0
826 57 0
1391 57 0
1257 57 0
120 57 0
569 57 0
29 57 0
126 57 0
48 57 0
318 57 0
823 57 0
269 57 0
270 57 0
139 57 0
219 57 0
1418 57 0
623 57 0
887 57 0
892 57 0
187 57 0
875 57 0
101 57 0
192 57 0
115 57 0
1424 57 0
1070 57 0
137 57 0
199 57 0
1426 57 0
1665 82 0
1174 82 0
181 82 0
123 82 0
159 82 0
122 82 0
182 82 0
378 82 0
269 82 0
317 82 0
212 82 0
149 82 0
150 82 0
134 82 0
186 82 0
192 82 0
120 82 0
369 82 0
20 82 0
21 82 0
333 82 0
1080 82 0
824 82 0
38 82 0
470 82 0
1055 82 0
37 82 0
29 82 0
33 82 0
1711 82 0
1682 82 0
1664 82 0
1070 82 0
569 82 0
1057 82 0
1054 82 0
1056 82 0
1391 82 0
204 82 0
30 82 0
822 82 0
142 82 0
124 82 0
35 82 0
1260 82 0
1032 82 0
165 82 0
1028 82 0
1090 82 0
19 82 0
823 82 0
318 82 0
106 82 0
1068 82 0
139 82 0
390 82 0
391 82 0
198 82 0
1422 82 0
236 82 0
129 82 0
1257 82 0
1060 82 0
177 82 0
191 82 0
386 82 0
1707 82 0
377 82 0
1424 82 0
375 82 0
189 82 0
143 82 0
173 82 0
252 82 0
331 82 0
281 82 0
254 82 0
305 82 0
270 82 0
1316 82 0
235 82 0
245 82 0
234 82 0
161 82 0
1399 82 0
255 82 0
874 82 0
366 82 0
141 82 0
891 82 0
125 82 0
160 82 0
185 82 0
112 82 0
219 82 0
126 82 0
156 82 0
1426 82 0
267 82 0
170 82 0
1261 82 0
1387 82 0
309 82 0
1395 82 0
1392 82 0
1389 82 0
49 82 0
1712 82 0
205 82 0
332 82 0
226 82 0
308 82 0
1394 82 0
127 82 0
229 82 0
579 82 0
172 82 0
101 82 0
387 82 0
1403 82 0
1402 82 0
137 82 0
180 82 0
385 82 0
199 82 0
889 82 0
881 82 0
140 82 0
391 7 0
139 7 0
128 7 0
1032 7 0
186 7 0
388 7 0
97 7 0
1260 7 0
51 7 0
826 7 0
38 7 0
253 7 0
262 7 0
1676 7 0
1391 7 0
206 7 0
1400 7 0
457 103 0
1058 103 0
1090 103 0
35 103 0
1261 103 0
1032 103 0
386 103 0
186 103 0
206 103 0
253 103 0
1400 103 0
262 103 0
219 103 0
1664 103 0
1070 103 0
333 103 0
129 103 0
940 103 0
268 103 0
623 103 0
33 103 0
1057 103 0
1054 103 0
824 103 0
38 103 0
1055 103 0
1711 103 0
1674 103 0
37 103 0
1390 103 0
1391 103 0
204 103 0
21 103 0
1260 103 0
1174 103 0
128 103 0
180 103 0
1068 103 0
139 103 0
390 103 0
391 103 0
388 103 0
134 103 0
113 103 0
1316 103 0
217 103 0
236 103 0
1056 103 0
195 103 0
1029 103 0
389 103 0
1060 103 0
181 103 0
125 103 0
159 103 0
124 103 0
28 103 0
98 103 0
177 103 0
192 103 0
224 103 0
225 103 0
1665 103 0
191 103 0
585 103 0
1028 103 0
188 103 0
938 103 0
49 103 0
214 103 0
1387 103 0
309 103 0
1394 103 0
276 103 0
368 103 0
586 103 0
137 103 0
873 103 0
97 103 0
120 103 0
166 103 0
132 103 0
869 103 0
173 103 0
199 103 0
378 103 0
402 103 0
101 103 0
905 103 0
569 103 0
318 103 0
870 103 0
235 103 0
885 103 0
888 103 0
886 103 0
1414 103 0
213 103 0
112 103 0
387 103 0
160 103 0
158 103 0
169 103 0
200 103 0
48 103 0
123 103 0
246 103 0
151 103 0
207 103 0
1389 103 0
39 103 0
307 103 0
1069 103 0
127 103 0
229 103 0
579 103 0
823 103 0
270 103 0
1426 103 0
232 103 0
34 104 0
1055 104 0
35 104 0
1261 104 0
33 104 0
1711 104 0
1058 104 0
186 104 0
1068 104 0
390 104 0
1032 104 0
386 104 0
1416 104 0
1615 104 0
1664 104 0
134 104 0
182 104 0
127 104 0
229 104 0
579 104 0
172 104 0
101 104 0
118 104 0
128 104 0
1057 104 0
135 104 0
623 104 0
1174 104 0
1080 104 0
824 104 0
38 104 0
37 104 0
97 104 0
139 104 0
1418 104 0
873 104 0
891 104 0
168 104 0
159 104 0
122 104 0
129 104 0
1260 104 0
585 104 0
166 104 0
107 104 0
1673 104 0
124 104 0
869 104 0
179 104 0
191 104 0
112 104 0
219 104 0
1665 104 0
192 104 0
222 104 0
221 104 0
30 104 0
1394 104 0
316 104 0
20 104 0
389 104 0
100 104 0
19 104 0
391 104 0
1273 104 0
173 104 0
200 104 0
1426 104 0
1391 104 0
1069 104 0
385 104 0
940 104 0
569 104 0
1334 104 0
1257 104 0
235 104 0
105 104 0
245 104 0
199 104 0
1387 104 0
309 104 0
1060 104 0
905 104 0
1420 104 0
366 104 0
375 104 0
220 104 0
1399 104 0
255 104 0
227 104 0
150 104 0
202 104 0
106 104 0
104 104 0
95 104 0
123 104 0
308 104 0
214 104 0
270 104 0
881 104 0
310 129 0
19 129 0
823 129 0
120 129 0
166 129 0
1174 129 0
200 129 0
112 129 0
220 129 0
1399 129 0
254 129 0
305 129 0
822 129 0
1062 129 0
317 129 0
126 129 0
127 129 0
229 129 0
579 129 0
172 129 0
101 129 0
139 129 0
390 129 0
165 129 0
186 129 0
37 129 0
173 129 0
940 129 0
302 129 0
329 129 0
935 129 0
569 129 0
51 129 0
571 129 0
1032 129 0
218 129 0
106 129 0
195 129 0
907 129 0
1664 129 0
306 129 0
282 129 0
250 129 0
309 129 0
1394 129 0
21 129 0
307 129 0
1261 129 0
470 129 0
1069 129 0
402 129 0
204 129 0
1389 129 0
49 129 0
177 129 0
191 129 0
278 129 0
938 129 0
388 129 0
375 129 0
263 129 0
241 129 0
183 129 0
237 129 0
122 129 0
180 129 0
228 129 0
197 129 0
188 129 0
1068 129 0
1273 129 0
219 129 0
891 129 0
168 129 0
159 129 0
48 129 0
140 129 0
1390 129 0
316 129 0
1060 129 0
115 129 0
376 129 0
141 129 0
1064 129 0
1428 129 0
252 129 0
330 129 0
1387 129 0
308 129 0
262 129 0
150 129 0
214 129 0
207 129 0
333 129 0
1716 129 0
1482 129 0
38 15 0
139 15 0
118 15 0
1400 15 0
262 15 0
1391 15 0
457 15 0
1399 15 0
255 15 0
1174 63 0
128 63 0
1257 63 0
1258 63 0
470 63 0
1674 63 0
1664 63 0
173 63 0
1070 63 0
333 63 0
166 63 0
177 63 0
190 63 0
1402 63 0
1711 63 0
21 63 0
318 63 0
587 63 0
20 63 0
1056 63 0
97 63 0
98 63 0
1060 63 0
1482 63 0
1716 63 0
1090 63 0
197 63 0
188 63 0
1414 63 0
165 63 0
1029 63 0
385 63 0
200 63 0
386 63 0
186 63 0
1068 63 0
1030 63 0
1387 63 0
1394 63 0
367 63 0
870 63 0
149 63 0
1663 63 0
37 63 0
35 63 0
1054 63 0
1028 63 0
267 63 0
168 63 0
159 63 0
122 63 0
585 63 0
125 63 0
375 63 0
1260 63 0
219 63 0
1069 63 0
569 63 0
51 63 0
1389 63 0
19 63 0
823 63 0
940 63 0
180 63 0
127 63 0
230 63 0
228 63 0
95 63 0
1673 63 0
196 63 0
204 63 0
29 63 0
1682 63 0
588 63 0
316 63 0
390 63 0
389 63 0
101 63 0
198 63 0
192 63 0
892 63 0
1413 63 0
881 63 0
1032 63 0
1261 63 0
268 63 0
48 63 0
272 63 0
118 63 0
1400 63 0
262 63 0
1418 63 0
1316 63 0
276 63 0
181 63 0
277 63 0
884 63 0
161 63 0
879 38 0
884 38 0
1676 38 0
268 38 0
278 38 0
402 38 0
219 38 0
1069 38 0
227 38 0
269 38 0
823 38 0
101 38 0
97 38 0
1029 38 0
779 38 0
38 38 0
113 38 0
37 38 0
160 73 0
1028 73 0
165 73 0
1029 73 0
307 73 0
1387 73 0
1031 73 0
219 73 0
891 73 0
168 73 0
159 73 0
122 73 0
20 73 0
21 73 0
173 73 0
101 73 0
389 73 0
391 73 0
227 73 0
1068 73 0
1174 73 0
33 73 0
470 73 0
1664 73 0
1060 73 0
169 73 0
139 73 0
390 73 0
386 73 0
186 73 0
1391 73 0
585 73 0
199 73 0
1425 73 0
180 73 0
123 73 0
276 73 0
235 73 0
245 73 0
127 73 0
1169 73 0
579 73 0
48 73 0
1059 73 0
204 73 0
1389 73 0
185 73 0
228 73 0
134 73 0
869 73 0
225 73 0
177 73 0
191 73 0
137 73 0
1032 73 0
1673 73 0
1070 73 0
874 73 0
1394 73 0
318 73 0
161 73 0
272 73 0
19 73 0
822 73 0
317 73 0
1395 73 0
200 73 0
120 73 0
1273 73 0
170 73 0
226 73 0
183 73 0
867 73 0
124 73 0
388 73 0
344 73 0
22 73 0
823 73 0
270 73 0
269 73 0
184 73 0
178 73 0
112 73 0
1419 73 0
220 73 0
1399 73 0
255 73 0
1665 73 0
366 73 0
142 73 0
1060 46 0
19 46 0
126 46 0
166 46 0
157 46 0
30 46 0
1260 46 0
186 46 0
252 46 0
330 46 0
317 46 0
587 46 0
21 46 0
1032 46 0
1068 46 0
140 46 0
139 46 0
869 46 0
177 46 0
402 46 0
127 46 0
219 46 0
128 46 0
185 46 0
123 46 0
158 46 0
170 46 0
892 46 0
881 46 0
891 46 0
871 46 0
229 46 0
579 46 0
1168 46 0
172 46 0
137 46 0
873 46 0
188 46 0
1174 46 0
124 46 0
156 46 0
232 46 0
268 46 0
470 46 0
112 46 0
368 46 0
390 46 0
318 46 0
868 46 0
1425 46 0
870 46 0
1394 46 0
159 46 0
144 46 0
1258 46 0
267 46 0
168 46 0
180 46 0
187 46 0
826 46 0
262 46 0
197 46 0
264 46 0
1261 46 0
1414 46 0
150 46 0
190 46 0
1403 46 0
1664 47 0
186 47 0
33 47 0
330 47 0
206 47 0
253 47 0
1400 47 0
262 47 0
1425 47 0
115 47 0
1424 47 0
198 47 0
623 47 0
134 47 0
180 47 0
128 47 0
126 47 0
220 47 0
368 47 0
1260 47 0
177 47 0
137 47 0
142 47 0
125 47 0
890 47 0
402 47 0
127 47 0
229 47 0
579 47 0
1168 47 0
101 47 0
378 47 0
156 47 0
366 47 0
112 47 0
891 47 0
168 47 0
159 47 0
122 47 0
165 47 0
386 47 0
124 47 0
1028 47 0
233 47 0
1402 47 0
181 47 0
123 47 0
219 47 0
1068 47 0
139 47 0
389 47 0
387 47 0
1060 47 0
19 47 0
317 47 0
391 47 0
1335 47 0
377 47 0
1070 47 0
158 47 0
169 47 0
270 47 0
187 47 0
874 47 0
873 47 0
188 47 0
197 47 0
870 47 0
1422 47 0
256 47 0
48 47 0
1391 47 0
1615 47 0
1403 47 0
232 47 0
1416 47 0
1032 125 0
1031 125 0
165 125 0
386 125 0
186 125 0
1068 125 0
1060 125 0
19 125 0
134 125 0
219 125 0
33 125 0
826 125 0
1258 125 0
1069 125 0
870 125 0
35 125 0
1260 125 0
470 125 0
390 125 0
936 125 0
940 125 0
1425 125 0
402 125 0
118 125 0
199 125 0
457 125 0
1058 125 0
1070 125 0
287 125 0
112 125 0
220 125 0
262 125 0
1387 125 0
309 125 0
1394 125 0
318 125 0
391 125 0
389 125 0
101 125 0
37 125 0
385 125 0
263 125 0
214 125 0
268 125 0
1057 125 0
333 125 0
128 125 0
139 125 0
388 125 0
22 125 0
367 125 0
200 125 0
189 125 0
191 125 0
137 125 0
51 125 0
569 125 0
1482 125 0
1716 125 0
1261 125 0
1682 125 0
126 125 0
181 125 0
180 125 0
122 125 0
120 125 0
166 125 0
1062 125 0
377 125 0
48 125 0
140 125 0
227 125 0
150 125 0
938 125 0
1334 125 0
192 125 0
868 125 0
316 125 0
1391 125 0
368 125 0
203 125 0
302 125 0
329 125 0
235 125 0
234 125 0
470 45 0
220 45 0
1399 45 0
255 45 0
204 45 0
1389 45 0
1060 45 0
30 45 0
316 45 0
1260 45 0
192 45 0
585 45 0
200 45 0
21 45 0
1425 45 0
159 45 0
127 45 0
228 45 0
96 45 0
105 45 0
245 45 0
166 45 0
22 45 0
1482 45 0
1716 45 0
1068 45 0
390 45 0
317 45 0
869 45 0
388 45 0
173 45 0
256 45 0
579 45 0
172 45 0
101 45 0
126 45 0
185 45 0
907 45 0
158 45 0
268 45 0
1028 45 0
310 45 0
588 45 0
318 45 0
206 45 0
49 45 0
262 45 0
197 45 0
188 45 0
120 45 0
132 45 0
882 45 0
1414 45 0
140 45 0
227 127 0
128 127 0
1068 127 0
38 127 0
402 127 0
305 127 0
243 127 0
304 127 0
306 127 0
282 127 0
470 127 0
1261 127 0
134 127 0
21 127 0
219 127 0
870 127 0
186 127 0
139 127 0
390 127 0
30 127 0
1032 127 0
106 127 0
1394 127 0
318 127 0
118 127 0
160 127 0
1060 127 0
204 127 0
191 127 0
112 127 0
369 127 0
124 127 0
1389 127 0
214 127 0
161 127 0
206 127 0
253 127 0
1400 127 0
262 127 0
1426 127 0
1260 127 0
279 127 0
325 127 0
885 127 0
267 127 0
168 127 0
159 127 0
256 127 0
181 127 0
123 127 0
938 127 0
270 127 0
173 127 0
569 127 0
1273 127 0
391 127 0
97 127 0
120 127 0
166 127 0
49 127 0
220 127 0
1716 127 0
1482 127 0
200 127 0
585 127 0
366 127 0
197 127 0
583 127 0
873 127 0
179 127 0
221 127 0
199 127 0
892 127 0
1316 127 0
1317 127 0
196 127 0
375 127 0
1673 127 0
150 127 0
126 127 0
127 127 0
229 127 0
180 127 0
122 127 0
940 127 0
869 127 0
177 127 0
48 127 0
1391 127 0
95 127 0
228 127 0
96 127 0
105 127 0
245 127 0
1258 127 0
1399 140 0
255 140 0
204 140 0
1389 140 0
367 140 0
167 140 0
30 140 0
159 140 0
139 140 0
390 140 0
160 140 0
165 140 0
166 140 0
48 140 0
186 140 0
140 140 0
1258 140 0
194 140 0
198 140 0
199 140 0
870 140 0
182 140 0
246 140 0
104 140 0
569 140 0
51 140 0
103 140 0
301 140 0
206 140 0
253 140 0
49 140 0
1032 140 0
219 140 0
316 140 0
1477 80 0
1476 80 0
1080 80 0
824 80 0
38 80 0
470 80 0
1056 80 0
107 80 0
37 80 0
33 80 0
1711 80 0
1664 80 0
214 80 0
207 80 0
938 80 0
1031 80 0
165 80 0
269 80 0
402 80 0
200 80 0
19 80 0
317 80 0
1482 80 0
158 80 0
170 80 0
891 80 0
182 80 0
128 80 0
1068 80 0
185 80 0
160 80 0
276 80 0
1070 80 0
390 80 0
391 80 0
101 80 0
1055 80 0
35 80 0
1260 80 0
1389 80 0
49 80 0
1057 80 0
585 80 0
272 80 0
579 80 0
172 80 0
139 80 0
120 80 0
166 80 0
132 80 0
869 80 0
1060 80 0
256 80 0
1174 80 0
1257 80 0
186 80 0
268 80 0
278 80 0
1261 80 0
386 80 0
881 80 0
62 80 0
134 80 0
219 80 0
388 80 0
159 80 0
217 80 0
141 80 0
142 80 0
870 80 0
1262 80 0
1707 80 0
318 80 0
21 80 0
823 80 0
270 80 0
192 80 0
179 80 0
201 80 0
221 80 0
222 80 0
183 80 0
779 80 0
1677 80 0
1673 80 0
569 80 0
1387 80 0
308 80 0
309 80 0
1394 80 0
264 80 0
127 80 0
229 80 0
133 80 0
1414 80 0
168 80 0
122 80 0
180 80 0
1168 80 0
97 80 0
137 80 0
150 80 0
112 80 0
220 80 0
1069 80 0
48 80 0
1391 80 0
204 80 0
235 80 0
246 80 0
104 80 0
307 80 0
940 80 0
129 80 0
184 80 0
225 80 0
277 80 0
884 80 0
39 80 0
245 80 0
1424 80 0
1420 80 0
188 80 0
1422 80 0
218 80 0
874 80 0
1416 80 0
1399 80 0
255 80 0
206 80 0
250 80 0
251 80 0
282 80 0
190 80 0
1402 80 0
204 139 0
49 139 0
220 139 0
1399 139 0
62 139 0
822 139 0
173 139 0
1060 139 0
48 139 0
1391 139 0
1068 139 0
139 139 0
97 139 0
227 139 0
128 139 0
1390 139 0
1682 139 0
940 139 0
39 139 0
166 139 0
1029 139 0
134 139 0
1389 139 0
140 139 0
306 139 0
282 139 0
250 139 0
1395 139 0
244 139 0
269 139 0
256 139 0
402 139 0
219 139 0
268 139 0
588 139 0
318 139 0
587 139 0
112 139 0
1068 89 0
1174 89 0
182 89 0
585 89 0
30 89 0
37 89 0
29 89 0
1711 89 0
20 89 0
21 89 0
35 89 0
1260 89 0
1054 89 0
1391 89 0
204 89 0
1389 89 0
906 89 0
457 89 0
623 89 0
1058 89 0
193 89 0
166 89 0
869 89 0
402 89 0
118 89 0
378 89 0
200 89 0
112 89 0
369 89 0
236 89 0
128 89 0
824 89 0
38 89 0
470 89 0
1055 89 0
779 89 0
386 89 0
186 89 0
134 89 0
318 89 0
22 89 0
142 89 0
173 89 0
143 89 0
196 89 0
376 89 0
141 89 0
1387 89 0
1394 89 0
1674 89 0
1664 89 0
1665 89 0
187 89 0
874 89 0
150 89 0
19 89 0
317 89 0
214 89 0
1380 89 0
876 89 0
1413 89 0
168 89 0
122 89 0
180 89 0
127 89 0
227 89 0
181 89 0
123 89 0
158 89 0
170 89 0
1316 89 0
218 89 0
1677 89 0
390 89 0
1080 89 0
1056 89 0
822 89 0
264 89 0
1090 89 0
1062 89 0
1032 89 0
1031 89 0
165 89 0
1057 89 0
126 89 0
124 89 0
48 89 0
234 89 0
199 89 0
1419 89 0
870 89 0
203 89 0
302 89 0
301 89 0
206 89 0
149 89 0
97 89 0
570 89 0
96 89 0
105 89 0
245 89 0
250 89 0
316 89 0
219 89 0
137 89 0
226 89 0
184 89 0
177 89 0
229 89 0
579 89 0
268 89 0
220 89 0
1399 89 0
255 89 0
1261 89 0
270 89 0
1060 89 0
366 89 0
938 89 0
1033 89 0
115 89 0
1424 89 0
368 62 0
30 62 0
37 62 0
33 62 0
1711 62 0
369 62 0
236 62 0
173 62 0
101 62 0
824 62 0
38 62 0
823 62 0
120 62 0
166 62 0
132 62 0
191 62 0
906 62 0
470 62 0
19 62 0
1056 62 0
97 62 0
20 62 0
1031 62 0
165 62 0
1716 62 0
1482 62 0
1665 62 0
22 62 0
21 62 0
623 62 0
219 62 0
199 62 0
1424 62 0
1664 62 0
29 62 0
391 62 0
390 62 0
389 62 0
227 62 0
1068 62 0
139 62 0
1387 62 0
224 62 0
1069 62 0
1260 62 0
1060 62 0
127 62 0
873 62 0
189 62 0
891 62 0
587 62 0
200 62 0
940 62 0
1682 62 0
1391 62 0
204 62 0
1055 62 0
1673 62 0
402 62 0
1328 62 0
262 62 0
881 62 0
1316 62 0
187 62 0
874 62 0
150 62 0
366 62 0
375 62 0
1028 62 0
1029 62 0
112 62 0
220 62 0
1399 62 0
255 62 0
1261 62 0
183 62 0
826 62 0
1394 62 0
1032 62 0
386 62 0
385 62 0
316 62 0
588 62 0
579 62 0
172 62 0
1174 62 0
182 62 0
585 62 0
141 62 0
169 62 0
142 62 0
124 62 0
1262 62 0
905 62 0
317 62 0
318 62 0
1258 62 0
1400 62 0
377 62 0
168 62 0
159 62 0
122 62 0
180 62 0
882 62 0
1413 62 0
1414 62 0
161 62 0
134 90 0
870 90 0
1418 90 0
873 90 0
33 90 0
1711 90 0
457 90 0
1664 90 0
1665 90 0
402 90 0
169 90 0
268 90 0
885 90 0
326 90 0
1380 90 0
874 90 0
623 90 0
1058 90 0
35 90 0
1056 90 0
1057 90 0
1257 90 0
1055 90 0
1062 90 0
19 90 0
369 90 0
906 90 0
269 90 0
49 90 0
30 90 0
1260 90 0
940 90 0
1032 90 0
1677 90 0
1031 90 0
128 90 0
1174 90 0
199 90 0
236 90 0
1068 90 0
139 90 0
390 90 0
165 90 0
1416 90 0
779 90 0
1081 90 0
1080 90 0
824 90 0
38 90 0
470 90 0
200 90 0
220 90 0
193 90 0
120 90 0
62 90 0
142 90 0
127 90 0
230 90 0
377 90 0
196 90 0
891 90 0
107 90 0
20 90 0
21 90 0
1069 90 0
823 90 0
37 90 0
277 90 0
227 90 0
388 90 0
112 90 0
368 90 0
366 90 0
375 90 0
192 90 0
318 90 0
822 90 0
569 90 0
1391 90 0
204 90 0
1387 90 0
1394 90 0
386 90 0
186 90 0
1029 90 0
122 90 0
160 90 0
185 90 0
123 90 0
158 90 0
234 90 0
219 90 0
206 90 0
253 90 0
1400 90 0
262 90 0
124 90 0
387 90 0
229 90 0
579 90 0
172 90 0
385 90 0
150 90 0
188 90 0
198 90 0
1420 90 0
1258 90 0
101 90 0
97 90 0
391 90 0
1477 90 0
267 90 0
168 90 0
159 90 0
255 90 0
144 90 0
180 90 0
868 90 0
224 90 0
191 90 0
1090 90 0
264 90 0
141 90 0
140 90 0
1060 90 0
907 90 0
875 90 0
1030 90 0
1716 90 0
1168 90 0
386 61 0
185 61 0
122 61 0
128 61 0
391 61 0
101 61 0
186 61 0
1068 61 0
140 61 0
1664 61 0
587 61 0
19 61 0
236 61 0
134 61 0
1425 61 0
142 61 0
158 61 0
169 61 0
268 61 0
823 61 0
1416 61 0
173 61 0
1080 61 0
824 61 0
38 61 0
1055 61 0
37 61 0
193 61 0
219 61 0
1390 61 0
1387 61 0
1394 61 0
318 61 0
20 61 0
21 61 0
139 61 0
390 61 0
1056 61 0
1388 61 0
1174 61 0
470 61 0
33 61 0
1711 61 0
35 61 0
166 61 0
132 61 0
869 61 0
30 61 0
1399 61 0
255 61 0
204 61 0
1389 61 0
49 61 0
22 61 0
457 61 0
117 61 0
1665 61 0
125 61 0
198 61 0
127 61 0
229 61 0
579 61 0
1168 61 0
172 61 0
316 61 0
200 61 0
156 61 0
233 61 0
1402 61 0
137 61 0
366 61 0
1070 61 0
333 61 0
873 61 0
189 61 0
201 61 0
221 61 0
183 61 0
1258 61 0
1060 61 0
1032 61 0
287 61 0
1422 61 0
940 61 0
199 61 0
623 61 0
179 61 0
1716 61 0
115 61 0
1707 61 0
237 61 0
317 61 0
882 61 0
388 61 0
161 61 0
250 61 0
1391 141 0
1068 141 0
101 141 0
391 141 0
139 141 0
1060 141 0
19 141 0
32 141 0
1260 141 0
470 141 0
37 141 0
173 141 0
386 141 0
281 141 0
1029 141 0
48 141 0
369 141 0
159 141 0
122 141 0
182 141 0
367 141 0
107 141 0
377 141 0
115 141 0
1336 141 0
234 141 0
586 141 0
96 141 0
105 141 0
120 141 0
1400 141 0
262 141 0
219 141 0
1069 141 0
1388 141 0
200 141 0
186 141 0
316 141 0
1394 141 0
1032 105 0
1028 105 0
134 105 0
219 105 0
236 105 0
402 105 0
107 105 0
30 105 0
37 105 0
1707 105 0
824 105 0
38 105 0
390 105 0
389 105 0
101 105 0
128 105 0
1068 105 0
139 105 0
97 105 0
391 105 0
1273 105 0
100 105 0
19 105 0
823 105 0
39 105 0
470 105 0
1055 105 0
33 105 0
1316 105 0
218 105 0
187 105 0
874 105 0
129 105 0
940 105 0
180 105 0
127 105 0
229 105 0
579 105 0
172 105 0
20 105 0
21 105 0
906 105 0
173 105 0
32 105 0
35 105 0
1260 105 0
1054 105 0
269 105 0
822 105 0
305 105 0
243 105 0
304 105 0
254 105 0
907 105 0
1664 105 0
144 105 0
272 105 0
1069 105 0
938 105 0
124 105 0
386 105 0
160 105 0
186 105 0
227 105 0
140 105 0
189 105 0
98 105 0
457 105 0
1058 105 0
48 105 0
1391 105 0
204 105 0
387 105 0
1060 105 0
1070 105 0
376 105 0
123 105 0
870 105 0
192 105 0
166 105 0
150 105 0
112 105 0
1416 105 0
200 105 0
1057 105 0
185 105 0
375 105 0
196 105 0
1665 105 0
1257 105 0
1056 105 0
1424 105 0
1418 105 0
169 105 0
268 105 0
262 105 0
1426 105 0
198 105 0
1422 105 0
120 105 0
177 105 0
191 105 0
1394 105 0
318 105 0
333 105 0
1389 105 0
255 105 0
133 105 0
307 105 0
158 105 0
159 105 0
122 105 0
270 105 0
199 105 0
224 105 0
201 105 0
149 105 0
217 105 0
316 105 0
150 50 0
137 50 0
193 50 0
199 50 0
1425 50 0
1317 50 0
125 50 0
142 50 0
375 50 0
367 50 0
200 50 0
129 50 0
940 50 0
386 50 0
33 50 0
1711 50 0
219 50 0
128 50 0
1174 50 0
1068 50 0
38 50 0
1056 50 0
318 50 0
19 50 0
823 50 0
270 50 0
220 50 0
262 50 0
402 50 0
120 50 0
179 50 0
192 50 0
317 50 0
1032 50 0
112 50 0
385 50 0
1424 50 0
185 50 0
122 50 0
1387 50 0
309 50 0
1394 50 0
141 50 0
874 50 0
470 50 0
37 50 0
1060 50 0
1070 50 0
127 50 0
230 50 0
623 50 0
149 50 0
207 50 0
214 50 0
892 50 0
390 50 0
316 50 0
588 50 0
1429 50 0
1062 50 0
229 50 0
579 50 0
172 50 0
180 50 0
1261 50 0
173 50 0
197 50 0
156 50 0
1069 50 0
198 50 0
139 50 0
391 50 0
151 50 0
48 50 0
267 50 0
169 50 0
123 50 0
159 50 0
188 50 0
28 50 0
1258 50 0
126 50 0
177 50 0
191 50 0
173 41 0
1028 41 0
366 41 0
141 41 0
268 41 0
579 41 0
101 41 0
204 41 0
48 41 0
1387 41 0
309 41 0
1394 41 0
318 41 0
1416 41 0
569 41 0
51 41 0
37 41 0
1068 41 0
390 41 0
34 41 0
30 41 0
1260 41 0
1664 41 0
1060 41 0
219 41 0
470 41 0
127 41 0
105 41 0
245 41 0
234 41 0
192 41 0
180 41 0
1032 41 0
1677 41 0
186 41 0
1174 41 0
19 41 0
317 41 0
368 41 0
823 41 0
1416 42 0
1060 42 0
19 42 0
470 42 0
1032 42 0
1716 42 0
885 42 0
278 42 0
37 42 0
368 42 0
1090 42 0
137 42 0
378 42 0
1391 42 0
203 42 0
826 42 0
310 42 0
907 42 0
180 42 0
186 42 0
182 42 0
256 42 0
272 42 0
1258 42 0
1394 42 0
386 43 0
186 43 0
1664 43 0
30 43 0
823 43 0
193 43 0
48 43 0
1390 43 0
1716 43 0
1482 43 0
213 43 0
582 43 0
470 43 0
97 43 0
391 43 0
389 43 0
1028 43 0
874 43 0
873 43 0
278 43 0
159 43 0
200 43 0
201 43 0
221 43 0
32 43 0
378 43 0
127 43 0
229 43 0
579 43 0
101 43 0
203 43 0
302 43 0
328 43 0
938 43 0
907 43 0
279 43 0
219 43 0
892 43 0
1316 43 0
217 43 0
199 43 0
1425 43 0
156 43 0
233 43 0
1403 43 0
1060 43 0
1055 49 0
142 49 0
125 49 0
826 49 0
37 49 0
1058 49 0
1664 49 0
141 49 0
890 49 0
402 49 0
192 49 0
166 49 0
112 49 0
220 49 0
1399 49 0
255 49 0
204 49 0
128 49 0
182 49 0
200 49 0
1328 49 0
124 49 0
1260 49 0
219 49 0
1060 49 0
1056 49 0
19 49 0
823 49 0
385 49 0
120 49 0
267 49 0
218 49 0
256 49 0
181 49 0
123 49 0
316 49 0
159 49 0
122 49 0
173 49 0
149 49 0
1418 49 0
386 49 0
186 49 0
1068 49 0
172 49 0
101 49 0
1064 49 0
245 49 0
234 49 0
586 49 0
1426 49 0
194 49 0
191 49 0
1389 49 0
129 49 0
127 49 0
1032 49 0
940 49 0
1393 49 0
307 49 0
1069 49 0
1258 49 0
1413 49 0
881 49 0
882 49 0
1414 49 0
264 49 0
884 49 0
262 49 0
822 49 0
1257 49 0
580 49 0
230 49 0
588 49 0
1062 49 0
42 49 0
309 49 0
1394 49 0
173 128 0
1068 128 0
128 128 0
219 128 0
126 128 0
470 128 0
37 128 0
250 128 0
308 128 0
307 128 0
21 128 0
33 128 0
1416 128 0
127 128 0
229 128 0
579 128 0
1168 128 0
172 128 0
101 128 0
97 128 0
391 128 0
139 128 0
906 128 0
1054 128 0
368 128 0
390 128 0
19 128 0
270 128 0
134 128 0
204 128 0
1390 128 0
1257 128 0
269 128 0
822 128 0
234 128 0
200 128 0
220 128 0
1399 128 0
255 128 0
158 128 0
387 128 0
159 128 0
170 128 0
1316 128 0
218 128 0
166 128 0
132 128 0
869 128 0
177 128 0
1060 128 0
1391 128 0
1389 128 0
1664 128 0
49 128 0
186 128 0
140 128 0
388 128 0
881 128 0
375 128 0
262 128 0
385 128 0
161 128 0
272 128 0
402 128 0
183 128 0
180 128 0
940 128 0
1482 128 0
112 128 0
569 128 0
1387 128 0
1394 128 0
317 128 0
318 128 0
149 128 0
873 128 0
905 128 0
197 128 0
189 128 0
227 128 0
1062 128 0
160 128 0
106 128 0
868 128 0
867 128 0
1400 128 0
1069 128 0
129 128 0
389 128 0
1425 128 0
870 128 0
150 128 0
192 128 0
179 128 0
221 128 0
203 128 0
302 128 0
329 128 0
935 128 0
377 128 0
214 128 0
569 11 0
1260 11 0
186 11 0
1389 11 0
37 11 0
305 11 0
1068 11 0
212 11 0
117 11 0
118 11 0
378 11 0
245 11 0
234 11 0
1711 11 0
139 11 0
101 11 0
391 11 0
97 11 0
1391 11 0
204 11 0
1068 12 0
139 12 0
389 12 0
49 12 0
585 12 0
200 12 0
166 12 0
31 12 0
1399 12 0
1032 12 0
402 83 0
182 83 0
230 83 0
126 83 0
181 83 0
107 83 0
822 83 0
20 83 0
22 83 0
35 83 0
1260 83 0
1055 83 0
1057 83 0
457 83 0
1058 83 0
1664 83 0
276 83 0
127 83 0
229 83 0
579 83 0
1168 83 0
318 83 0
21 83 0
37 83 0
1665 83 0
1711 83 0
1060 83 0
1070 83 0
333 83 0
305 83 0
243 83 0
306 83 0
1426 83 0
150 83 0
19 83 0
585 83 0
1424 83 0
198 83 0
375 83 0
779 83 0
824 83 0
38 83 0
470 83 0
1056 83 0
33 83 0
1068 83 0
390 83 0
1030 83 0
1031 83 0
165 83 0
1032 83 0
1677 83 0
881 83 0
217 83 0
143 83 0
191 83 0
389 83 0
1273 83 0
101 83 0
97 83 0
140 83 0
98 83 0
1387 83 0
307 83 0
185 83 0
1414 83 0
29 83 0
309 83 0
1394 83 0
316 83 0
386 83 0
368 83 0
366 83 0
199 83 0
200 83 0
186 83 0
1174 83 0
124 83 0
623 83 0
1261 83 0
123 83 0
158 83 0
169 83 0
885 83 0
139 83 0
388 83 0
122 83 0
207 83 0
907 83 0
1429 83 0
112 83 0
1682 83 0
270 83 0
219 83 0
283 83 0
905 83 0
48 83 0
1391 83 0
116 83 0
1257 83 0
891 83 0
168 83 0
292 83 0
1069 83 0
873 83 0
180 83 0
172 83 0
170 83 0
892 83 0
218 83 0
187 83 0
874 83 0
192 83 0
1169 83 0
197 83 0
1712 83 0
470 44 0
1060 44 0
19 44 0
317 44 0
823 44 0
120 44 0
166 44 0
167 44 0
30 44 0
37 44 0
29 44 0
33 44 0
186 44 0
1068 44 0
219 44 0
112 44 0
220 44 0
1399 44 0
254 44 0
304 44 0
306 44 0
181 44 0
158 44 0
268 44 0
218 44 0
402 44 0
213 44 0
118 44 0
377 44 0
1424 44 0
196 44 0
1032 44 0
826 44 0
1425 44 0
150 44 0
115 44 0
1422 44 0
116 44 0
326 44 0
403 44 0
1716 44 0
1261 44 0
1262 44 0
217 44 0
143 44 0
375 44 0
200 44 0
255 44 0
1174 44 0
124 44 0
1062 44 0
32 44 0
318 44 0
1391 44 0
204 44 0
1389 44 0
49 44 0
318 48 0
151 48 0
1416 48 0
128 48 0
124 48 0
386 48 0
1260 48 0
220 48 0
1399 48 0
254 48 0
305 48 0
243 48 0
306 48 0
282 48 0
250 48 0
307 48 0
19 48 0
38 48 0
470 48 0
1056 48 0
159 48 0
122 48 0
180 48 0
33 48 0
1711 48 0
1664 48 0
402 48 0
186 48 0
1174 48 0
137 48 0
149 48 0
142 48 0
264 48 0
823 48 0
270 48 0
120 48 0
1068 48 0
139 48 0
390 48 0
391 48 0
101 48 0
317 48 0
1393 48 0
308 48 0
1060 48 0
267 48 0
188 48 0
585 48 0
623 48 0
269 48 0
127 48 0
229 48 0
579 48 0
1168 48 0
172 48 0
1064 48 0
219 48 0
385 48 0
235 48 0
245 48 0
234 48 0
378 48 0
255 48 0
112 48 0
200 48 0
97 48 0
1058 48 0
168 48 0
191 48 0
1413 48 0
1032 48 0
1258 48 0
891 48 0
169 48 0
268 48 0
278 48 0
1328 48 0
225 48 0
826 48 0
119 48 0
1261 48 0
368 48 0
1169 48 0
580 48 0
1394 48 0
198 48 0
377 48 0
587 58 0
22 58 0
134 58 0
276 58 0
128 58 0
1068 58 0
1064 58 0
1664 58 0
1388 58 0
19 58 0
1174 58 0
122 58 0
180 58 0
1055 58 0
139 58 0
390 58 0
388 58 0
97 58 0
1090 58 0
891 58 0
1056 58 0
272 58 0
1711 58 0
1260 58 0
470 58 0
33 58 0
1665 58 0
1707 58 0
200 58 0
1060 58 0
181 58 0
125 58 0
123 58 0
1030 58 0
378 58 0
199 58 0
198 58 0
1424 58 0
1394 58 0
318 58 0
588 58 0
37 58 0
29 58 0
386 58 0
186 58 0
389 58 0
1168 58 0
1482 58 0
1391 58 0
330 58 0
204 58 0
317 58 0
1070 58 0
48 58 0
166 58 0
623 58 0
150 58 0
169 58 0
368 58 0
156 58 0
1402 58 0
190 58 0
1403 58 0
161 58 0
206 58 0
170 58 0
402 58 0
235 58 0
1390 58 0
187 58 0
874 58 0
115 58 0
1261 58 0
1328 58 0
132 58 0
120 58 0
219 58 0
214 58 0
1389 58 0
49 58 0
366 58 0
892 58 0
1316 58 0
48 4 0
49 4 0
1399 4 0
255 4 0
206 4 0
204 4 0
390 4 0
891 4 0
159 4 0
122 4 0
180 4 0
127 4 0
1060 4 0
402 4 0
378 4 0
112 4 0
315 4 0
1389 4 0
139 4 0
165 79 0
369 79 0
378 79 0
112 79 0
200 79 0
195 79 0
269 79 0
823 79 0
779 79 0
1080 79 0
824 79 0
38 79 0
470 79 0
1055 79 0
1056 79 0
30 79 0
35 79 0
1260 79 0
1060 79 0
124 79 0
160 79 0
1028 79 0
1030 79 0
386 79 0
186 79 0
128 79 0
1068 79 0
390 79 0
159 79 0
122 79 0
234 79 0
1057 79 0
161 79 0
214 79 0
1389 79 0
203 79 0
245 79 0
33 79 0
333 79 0
272 79 0
140 79 0
139 79 0
389 79 0
1273 79 0
101 79 0
97 79 0
391 79 0
127 79 0
229 79 0
579 79 0
891 79 0
168 79 0
125 79 0
134 79 0
1426 79 0
173 79 0
1261 79 0
1476 79 0
826 79 0
180 79 0
228 79 0
193 79 0
219 79 0
1425 79 0
1424 79 0
1262 79 0
368 79 0
1716 79 0
822 79 0
1070 79 0
940 79 0
870 79 0
192 79 0
129 79 0
132 79 0
177 79 0
1081 79 0
185 79 0
199 79 0
115 79 0
1422 79 0
149 79 0
873 79 0
137 79 0
151 79 0
1316 79 0
218 79 0
187 79 0
375 79 0
49 79 0
1394 79 0
1388 79 0
181 79 0
881 79 0
144 79 0
388 79 0
586 79 0
123 79 0
217 79 0
220 79 0
1663 79 0
264 79 0
190 79 0
1404 79 0
1402 79 0
1399 79 0
255 79 0
186 8 0
1068 8 0
139 8 0
390 8 0
391 8 0
97 8 0
227 8 0
1029 8 0
180 8 0
826 8 0
583 8 0
1413 8 0
375 8 0
369 8 0
51 8 0
569 8 0
1174 8 0
1391 8 0
935 8 0
570 8 0
48 8 0
367 8 0
156 8 0
114 8 0
870 8 0
198 8 0
140 8 0
1069 8 0
1394 8 0
1059 21 0
1058 21 0
1029 21 0
1055 21 0
470 21 0
139 21 0
97 21 0
128 21 0
1058 22 0
1261 22 0
193 22 0
134 22 0
128 22 0
181 22 0
1327 22 0
232 22 0
21 22 0
33 22 0
1711 22 0
1060 22 0
1391 22 0
1028 22 0
268 22 0
221 5 0
112 5 0
369 5 0
390 5 0
98 5 0
33 5 0
1070 5 0
287 5 0
402 5 0
173 5 0
1060 5 0
227 5 0
204 5 0
1389 5 0
1393 5 0
314 5 0
248 5 0
246 5 0
104 5 0
570 5 0
96 5 0
1380 5 0
139 5 0
49 5 0
222 5 0
219 5 0
938 5 0
1068 6 0
139 6 0
390 6 0
101 6 0
97 6 0
227 6 0
128 6 0
1060 6 0
1174 6 0
1399 6 0
255 6 0
940 6 0
191 6 0
385 6 0
388 6 0
198 6 0
1168 6 0
51 6 0
48 6 0
1391 6 0
206 6 0
369 99 0
30 99 0
35 99 0
272 99 0
21 99 0
1425 99 0
470 99 0
1055 99 0
1060 99 0
623 99 0
1058 99 0
1260 99 0
824 99 0
38 99 0
1056 99 0
1389 99 0
1387 99 0
309 99 0
1394 99 0
318 99 0
33 99 0
1711 99 0
1068 99 0
139 99 0
390 99 0
391 99 0
389 99 0
101 99 0
128 99 0
186 99 0
1174 99 0
182 99 0
585 99 0
157 99 0
134 99 0
197 99 0
142 99 0
125 99 0
368 99 0
120 99 0
166 99 0
402 99 0
192 99 0
191 99 0
112 99 0
127 99 0
37 99 0
219 99 0
235 99 0
245 99 0
189 99 0
115 99 0
1057 99 0
1069 99 0
1081 99 0
19 99 0
98 99 0
207 99 0
386 99 0
151 99 0
199 99 0
126 99 0
1070 99 0
388 99 0
185 99 0
256 99 0
1391 99 0
177 99 0
270 99 0
1257 99 0
1258 99 0
97 99 0
229 99 0
579 99 0
172 99 0
227 99 0
124 99 0
1028 99 0
1032 99 0
137 99 0
1261 99 0
1168 99 0
264 99 0
268 99 0
246 99 0
104 99 0
95 99 0
905 99 0
159 99 0
125 31 0
101 31 0
389 31 0
940 31 0
1032 31 0
200 31 0
19 31 0
150 31 0
317 31 0
103 31 0
935 31 0
105 31 0
234 31 0
870 31 0
125 32 0
389 32 0
101 32 0
1394 32 0
1482 32 0
192 32 0
569 32 0
204 32 0
1389 32 0
892 32 0
1260 32 0
1328 32 0
120 32 0
134 32 0
369 32 0
126 32 0
181 32 0
105 32 0
255 24 0
204 24 0
1391 24 0
940 24 0
129 24 0
193 24 0
167 24 0
48 24 0
402 24 0
157 24 0
1260 40 0
1028 40 0
134 40 0
219 40 0
127 40 0
229 40 0
579 40 0
1258 40 0
204 40 0
197 40 0
940 40 0
1174 40 0
139 40 0
101 40 0
185 40 0
124 40 0
186 40 0
166 40 0
179 40 0
221 40 0
226 40 0
107 40 0
1032 40 0
180 40 0
98 40 0
49 40 0
470 40 0
199 40 0
37 40 0
33 40 0
199 10 0
227 10 0
388 10 0
391 10 0
139 10 0
170 10 0
267 10 0
1391 10 0
1068 10 0
101 10 0
97 10 0
140 10 0
234 10 0
1676 10 0
229 10 0
1062 10 0
1060 10 0
1059 18 0
309 18 0
318 18 0
31 18 0
193 18 0
120 18 0
30 18 0
389 18 0
826 18 0
585 18 0
49 18 0
1399 3 0
173 3 0
49 3 0
48 3 0
1060 3 0
1391 3 0
206 3 0
255 3 0
253 3 0
197 3 0
388 3 0
569 3 0
1316 3 0
1422 3 0
217 3 0
1387 19 0
252 19 0
123 19 0
268 19 0
1391 19 0
328 25 0
135 25 0
48 25 0
940 25 0
167 25 0
193 25 0
107 25 0
29 25 0
193 33 0
120 33 0
194 33 0
1069 33 0
389 33 0
101 33 0
122 33 0
128 33 0
388 33 0
139 33 0
97 33 0
127 33 0
95 33 0
245 33 0
235 33 0
181 33 0
377 33 0
367 33 0
241 20 0
19 20 0
316 20 0
186 20 0
388 20 0
470 20 0
276 20 0
1060 20 0
1676 20 0
139 20 0
1069 20 0
389 35 0
101 35 0
97 35 0
391 35 0
304 35 0
255 35 0
328 35 0
938 35 0
1068 35 0
276 35 0
1060 35 0
470 36 0
1677 36 0
390 36 0
220 36 0
262 36 0
389 36 0
938 36 0
1060 36 0
1055 36 0
316 36 0
193 36 0
233 36 0
1402 36 0
191 36 0
268 36 0
402 36 0
1028 13 0
330 13 0
328 13 0
204 13 0
245 13 0
585 13 0
199 13 0
870 13 0
149 13 0
206 13 0
186 13 0
139 13 0
230 13 0
127 13 0
105 13 0
390 13 0
388 13 0
97 13 0
193 13 0
1399 13 0
255 13 0
1069 27 0
1090 27 0
1391 27 0
193 27 0
195 27 0
167 27 0
369 27 0
1399 27 0
255 27 0
204 27 0
1260 27 0
118 39 0
378 39 0
388 39 0
377 39 0
276 39 0
20 39 0
623 39 0
1174 39 0
1060 39 0
33 39 0
220 39 0
262 39 0
269 39 0
29 39 0
120 39 0
166 39 0
219 39 0
139 39 0
1422 39 0
403 39 0
129 39 0
101 34 0
389 34 0
1260 34 0
388 34 0
1174 34 0
585 34 0
200 34 0
167 34 0
1387 34 0
1032 34 0
1068 34 0
128 34 0
269 34 0
305 34 0
243 34 0
1060 34 0
235 34 0
245 34 0
1427 34 0
378 34 0
276 34 0
1055 26 0
193 26 0
167 26 0
193 23 0
120 23 0
318 23 0
262 23 0
220 23 0
181 23 0
124 23 0
29 23 0
1682 23 0
1174 23 0
255 23 0
1060 23 0
255 14 0
204 14 0
1389 14 0
49 14 0
186 14 0
166 14 0
206 14 0
253 14 0
1400 14 0
262 14 0
107 14 0
31 14 0
1032 14 0
301 14 0
205 14 0
180 14 0
140 14 0
230 14 0
193 28 0
167 28 0
1068 28 0
129 28 0
940 28 0
1060 28 0
